frame,label,id,transform,bbox,image_path,detection_score,raw_pose_score,render_score
1,-1,-1,0.914291 -0.306879 0.264381 3.067305 -0.404600 -0.722932 0.560062 -1.319100 0.019258 -0.619028 -0.785133 1.428347 0.000000 0.000000 0.000000 1.000000,,images/rgb_000001.png,,,
1,0,0,0.999633 -0.0190627 0.0192393 0.0418849 -0.00311418 -0.786549 -0.617521 0.0379663 0.0269043 0.617234 -0.786319 0.849153 0 0 3.95253e-323 1,,,1.0,1.0,1.0
1,4,4,-0.672206071952 0.732764480739 0.105807431674 0.0726597778634 0.472968593243 0.534968396703 -0.700078227296 -0.112658172221 -0.569596090784 -0.420553243117 -0.7061835902 0.81793938012 0.0 0.0 0.0 1.0,347 113 56 81,,0.99855405,0.22697511,0.291396975517
1,2,2,-0.0136416024853 0.997580833961 0.068164407095 0.0904051451122 0.628435299051 -0.0444704885175 0.776589628155 -0.0478843976756 0.777742233383 0.0534308465588 -0.626308360991 0.885029843092 0.0 0.0 0.0 1.0,329 123 119 134,,0.7107176,0.09619954,0.673067450523
2,-1,-1,0.914792 -0.308988 0.260158 3.068686 -0.403620 -0.724291 0.559011 -1.316636 0.015702 -0.616384 -0.787290 1.428890 0.000000 0.000000 0.000000 1.000000,,images/rgb_000002.png,,,
2,0,0,0.999633 -0.0190627 0.0192393 0.0418849 -0.00311418 -0.786549 -0.617521 0.0379663 0.0269043 0.617234 -0.786319 0.849153 0 0 3.95253e-323 1,,,1.0,1.0,1.0
2,4,4,-0.422576857384 0.906326296333 -0.00120173949966 0.0717512518475 0.660309537904 0.306962144834 -0.685394452701 -0.111258184413 -0.620822127309 -0.290425353945 -0.728170996421 0.817055733086 0.0 0.0 0.0 1.0,348 113 55 81,,0.9980596,0.23025592,0.392478168011
2,2,2,-0.0173348742094 0.995875940057 0.0890539957046 0.0907696893356 0.627776067254 -0.0584819379434 0.776193965654 -0.0472671464443 0.778200945463 0.0693611919533 -0.624173304084 0.885057111733 0.0 0.0 0.0 1.0,329 123 120 134,,0.78644294,0.094290316,0.669491231441
3,-1,-1,0.914792 -0.308988 0.260158 3.068686 -0.403620 -0.724291 0.559011 -1.316636 0.015702 -0.616384 -0.787290 1.428890 0.000000 0.000000 0.000000 1.000000,,images/rgb_000003.png,,,
3,0,0,0.999633 -0.0190627 0.0192393 0.0418849 -0.00311418 -0.786549 -0.617521 0.0379663 0.0269043 0.617234 -0.786319 0.849153 0 0 3.95253e-323 1,,,1.0,1.0,1.0
3,4,4,-0.850857467576 0.495274203157 0.175342617629 0.0734900010568 0.264948701115 0.692665222573 -0.670833120243 -0.113157290217 -0.453700072346 -0.524326571066 -0.720581633979 0.816957136748 0.0 0.0 0.0 1.0,346 113 57 81,,0.99820054,0.2190016,0.278089910746
3,2,2,-0.0275929767132 -0.14895477173 0.988458953935 0.118289545381 0.61415988252 -0.782716885794 -0.10080632617 -0.0417620008869 0.788699097463 0.604290288414 0.113079533909 0.877841784239 0.0 0.0 0.0 1.0,330 124 117 131,,0.82038885,0.059983905,0.471666634083
4,-1,-1,0.914792 -0.308988 0.260158 3.068686 -0.403620 -0.724291 0.559011 -1.316636 0.015702 -0.616384 -0.787290 1.428890 0.000000 0.000000 0.000000 1.000000,,images/rgb_000004.png,,,
4,0,0,0.999633 -0.0190627 0.0192393 0.0418849 -0.00311418 -0.786549 -0.617521 0.0379663 0.0269043 0.617234 -0.786319 0.849153 0 0 3.95253e-323 1,,,1.0,1.0,1.0
4,4,4,-0.857697543462 0.486059859023 0.167632745564 0.0731489311262 0.259308656669 0.690467826921 -0.675287494748 -0.112753946827 -0.443975162048 -0.53572380331 -0.718252088094 0.817806763894 0.0 0.0 0.0 1.0,346 114 57 81,,0.9990114,0.21530822,0.286071807146
4,2,2,-0.0261801732355 0.996509277103 0.0792707964993 0.0919502740155 0.623066361057 -0.0457447251506 0.780830154284 -0.047787300204 0.781730713384 0.0698332354196 -0.619693804215 0.884495015675 0.0 0.0 0.0 1.0,329 124 118 133,,0.8055922,0.11690652,0.673777937889
5,-1,-1,0.914792 -0.308988 0.260158 3.068686 -0.403620 -0.724291 0.559011 -1.316636 0.015702 -0.616384 -0.787290 1.428890 0.000000 0.000000 0.000000 1.000000,,images/rgb_000005.png,,,
5,0,0,0.999633 -0.0190627 0.0192393 0.0418849 -0.00311418 -0.786549 -0.617521 0.0379663 0.0269043 0.617234 -0.786319 0.849153 0 0 3.95253e-323 1,,,1.0,1.0,1.0
5,4,4,0.997571561773 -0.0580338178949 0.0385104547225 0.0770576504127 0.00674034760713 0.630767897105 0.77594228374 -0.096012195966 -0.0693220517333 -0.773798381984 0.629627284337 0.827424498891 0.0 0.0 0.0 1.0,346 113 57 82,,0.99790907,0.20696652,0.388889700174
5,2,2,-0.0045835244834 -0.0209108872302 -0.999770836791 0.0749468670499 0.621356938038 0.783291577873 -0.0192317337975 -0.0403013920377 0.783514228879 -0.621302695011 0.00940288873618 0.874430823161 0.0 0.0 0.0 1.0,329 123 119 134,,0.80104345,0.10158213,0.368920862675
6,-1,-1,0.914792 -0.308988 0.260158 3.068686 -0.403620 -0.724291 0.559011 -1.316636 0.015702 -0.616384 -0.787290 1.428890 0.000000 0.000000 0.000000 1.000000,,images/rgb_000006.png,,,
6,0,0,0.999633 -0.0190627 0.0192393 0.0418849 -0.00311418 -0.786549 -0.617521 0.0379663 0.0269043 0.617234 -0.786319 0.849153 0 0 3.95253e-323 1,,,1.0,1.0,1.0
6,4,4,-0.553543872447 0.8291629127 0.0779618206475 0.0724079616108 0.552907857558 0.435888189248 -0.710136879429 -0.112911705777 -0.622801800196 -0.349986214981 -0.699733925858 0.817423862574 0.0 0.0 0.0 1.0,347 113 56 81,,0.99867094,0.22381528,0.299952834845
6,2,2,-0.0142853049363 0.997168282297 0.0738332367137 0.0902934848906 0.628343997738 -0.0484870463869 0.776423097827 -0.04781809922 0.777804442369 0.0574841118346 -0.625872052673 0.885193881226 0.0 0.0 0.0 1.0,329 123 119 135,,0.8207355,0.08662731,0.653301179409
7,-1,-1,0.914792 -0.308988 0.260158 3.068686 -0.403620 -0.724291 0.559011 -1.316636 0.015702 -0.616384 -0.787290 1.428890 0.000000 0.000000 0.000000 1.000000,,images/rgb_000007.png,,,
7,0,0,0.999633 -0.0190627 0.0192393 0.0418849 -0.00311418 -0.786549 -0.617521 0.0379663 0.0269043 0.617234 -0.786319 0.849153 0 0 3.95253e-323 1,,,1.0,1.0,1.0
7,4,4,-0.525273460359 0.85004268217 0.0389259596148 0.072031381054 0.61073601909 0.408460578457 -0.678352025745 -0.112757029849 -0.592527895401 -0.33254683029 -0.733705185231 0.817216170251 0.0 0.0 0.0 1.0,347 113 56 81,,0.9985331,0.2195727,0.316426217556
7,2,2,-0.0213204471581 -0.178981131601 0.983621468383 0.118090055272 0.625643226516 -0.76978299143 -0.126509680342 -0.0400394378167 0.779817922112 0.612698866195 0.128390450252 0.877661166225 0.0 0.0 0.0 1.0,334 121 115 137,,0.732263,0.065594085,0.549996614456
8,-1,-1,0.914792 -0.308988 0.260158 3.068686 -0.403620 -0.724291 0.559011 -1.316636 0.015702 -0.616384 -0.787290 1.428890 0.000000 0.000000 0.000000 1.000000,,images/rgb_000008.png,,,
8,0,0,0.999633 -0.0190627 0.0192393 0.0418849 -0.00311418 -0.786549 -0.617521 0.0379663 0.0269043 0.617234 -0.786319 0.849153 0 0 3.95253e-323 1,,,1.0,1.0,1.0
8,4,4,0.996135238786 -0.0662121971573 0.0577107528652 0.0788035133093 -0.00533721682749 0.61020799309 0.792223276157 -0.0959343250027 -0.0876704064391 -0.789469537168 0.607496296053 0.825586831453 0.0 0.0 0.0 1.0,347 113 56 83,,0.9981242,0.20553935,0.364667475224
8,2,2,-0.0233293311864 0.99669697334 0.0777874388338 0.0904924491402 0.630830972348 -0.0456861744761 0.774574113812 -0.0482960978324 0.775569485367 0.0671410217055 -0.627681492934 0.885419172197 0.0 0.0 0.0 1.0,329 128 119 127,,0.83152527,0.08652778,0.603385150433
9,-1,-1,0.914792 -0.308988 0.260158 3.068686 -0.403620 -0.724291 0.559011 -1.316636 0.015702 -0.616384 -0.787290 1.428890 0.000000 0.000000 0.000000 1.000000,,images/rgb_000009.png,,,
9,0,0,0.999633 -0.0190627 0.0192393 0.0418849 -0.00311418 -0.786549 -0.617521 0.0379663 0.0269043 0.617234 -0.786319 0.849153 0 0 3.95253e-323 1,,,1.0,1.0,1.0
9,4,4,-0.744169660595 0.65486048506 0.131792493552 0.0730392635253 0.418307740085 0.610674510547 -0.672380306637 -0.112901070374 -0.520797610242 -0.445235204443 -0.728378652825 0.817091432392 0.0 0.0 0.0 1.0,346 113 58 81,,0.9985916,0.2365572,0.287757277489
9,2,2,-0.0127511214611 0.995086740148 0.0981824245116 0.0896127368051 0.640121998848 -0.0673093168522 0.765319072319 -0.0476545749175 0.768167452768 0.0726074062778 -0.636118643856 0.885793635251 0.0 0.0 0.0 1.0,335 137 108 116,,0.8074634,0.07727014,0.567240834236
10,-1,-1,0.914792 -0.308988 0.260158 3.068686 -0.403620 -0.724291 0.559011 -1.316636 0.015702 -0.616384 -0.787290 1.428890 0.000000 0.000000 0.000000 1.000000,,images/rgb_000010.png,,,
10,0,0,0.999633 -0.0190627 0.0192393 0.0418849 -0.00311418 -0.786549 -0.617521 0.0379663 0.0269043 0.617234 -0.786319 0.849153 0 0 3.95253e-323 1,,,1.0,1.0,1.0
10,4,4,-0.542369728338 0.839921386692 0.019160948841 0.0727839664334 0.620438019773 0.415810192886 -0.664950033546 -0.113060659566 -0.56647307209 -0.348760587896 -0.74664202328 0.817200089009 0.0 0.0 0.0 1.0,346 113 57 82,,0.9989033,0.19352072,0.282164752483
10,2,2,-0.020656367858 0.997284790356 0.0706849445875 0.0919427958456 0.620253362287 -0.0426669621475 0.78324025491 -0.0486474305511 0.784129505272 0.0600214733701 -0.617687899911 0.883673989512 0.0 0.0 0.0 1.0,329 125 119 132,,0.7072509,0.12760535,0.679906070232
11,-1,-1,0.914792 -0.308988 0.260158 3.068686 -0.403620 -0.724291 0.559011 -1.316636 0.015702 -0.616384 -0.787290 1.428890 0.000000 0.000000 0.000000 1.000000,,images/rgb_000011.png,,,
11,0,0,0.999633 -0.0190627 0.0192393 0.0418849 -0.00311418 -0.786549 -0.617521 0.0379663 0.0269043 0.617234 -0.786319 0.849153 0 0 3.95253e-323 1,,,1.0,1.0,1.0
11,4,4,-0.0961965310346 -0.990324028448 0.10002272789 0.0736124320596 -0.77012821851 0.0103892423134 -0.637804508214 -0.107198926956 0.63059396958 -0.138384906409 -0.763675888847 0.812901687823 0.0 0.0 0.0 1.0,346 114 57 80,,0.998689,0.20084669,0.695322453976
11,2,2,-0.0119617751045 -0.14179915779 0.989823173494 0.118244615701 0.61724817941 -0.779830228891 -0.104256890053 -0.0410733815781 0.786677571151 0.609719454305 0.0968534258057 0.877260709228 0.0 0.0 0.0 1.0,330 123 117 135,,0.762729,0.06597901,0.515270531178
12,-1,-1,0.914792 -0.308988 0.260158 3.068686 -0.403620 -0.724291 0.559011 -1.316636 0.015702 -0.616384 -0.787290 1.428890 0.000000 0.000000 0.000000 1.000000,,images/rgb_000012.png,,,
12,0,0,0.999633 -0.0190627 0.0192393 0.0418849 -0.00311418 -0.786549 -0.617521 0.0379663 0.0269043 0.617234 -0.786319 0.849153 0 0 3.95253e-323 1,,,1.0,1.0,1.0
12,4,4,-0.774403909782 0.618018389777 0.135469016428 0.073526984882 0.375784776238 0.621544084343 -0.68736362514 -0.114106087968 -0.509003326573 -0.481389884725 -0.713568071331 0.817043728554 0.0 0.0 0.0 1.0,346 113 57 82,,0.99866414,0.19825496,0.238778710365
12,2,2,-0.00201023492606 0.997226918063 0.0743937688631 0.0907274941033 0.630452303329 -0.0564827175578 0.774170262827 -0.0478719784653 0.776225387489 0.0484579870341 -0.628590463903 0.884796613964 0.0 0.0 0.0 1.0,329 125 119 129,,0.8394722,0.08132981,0.245087534189
13,-1,-1,0.914792 -0.308988 0.260158 3.068686 -0.403620 -0.724291 0.559011 -1.316636 0.015702 -0.616384 -0.787290 1.428890 0.000000 0.000000 0.000000 1.000000,,images/rgb_000013.png,,,
13,0,0,0.999633 -0.0190627 0.0192393 0.0418849 -0.00311418 -0.786549 -0.617521 0.0379663 0.0269043 0.617234 -0.786319 0.849153 0 0 3.95253e-323 1,,,1.0,1.0,1.0
13,4,4,-0.433109465602 0.9013325507 0.00397792103052 0.0728494838955 0.677514292498 0.328464440999 -0.658092314542 -0.113444235736 -0.59446663007 -0.282330912315 -0.752926743903 0.817108900277 0.0 0.0 0.0 1.0,347 113 56 82,,0.9984484,0.22145236,0.265238791704
13,2,2,0.0130113179717 -0.995517869252 -0.0936743166712 0.0891465433231 0.590043186673 0.0832770966465 -0.803065354149 -0.056971361582 0.807266835356 -0.0448229536433 0.588482080748 0.887197994316 0.0 0.0 0.0 1.0,328 124 120 132,,0.7903107,0.15105712,0.5930570364
14,-1,-1,0.914792 -0.308988 0.260158 3.068686 -0.403620 -0.724291 0.559011 -1.316636 0.015702 -0.616384 -0.787290 1.428890 0.000000 0.000000 0.000000 1.000000,,images/rgb_000014.png,,,
14,0,0,0.999633 -0.0190627 0.0192393 0.0418849 -0.00311418 -0.786549 -0.617521 0.0379663 0.0269043 0.617234 -0.786319 0.849153 0 0 3.95253e-323 1,,,1.0,1.0,1.0
14,4,4,0.997748955247 -0.0492779719496 0.0454830054497 0.0784121563904 -0.00440360378955 0.628635454902 0.777687644953 -0.0971037461059 -0.0669150997748 -0.776137324396 0.627003367696 0.825539705095 0.0 0.0 0.0 1.0,347 113 57 82,,0.9985121,0.21358785,0.381612122059
14,2,2,-0.021889328893 -0.126344203448 0.99174492665 0.118525479982 0.618431932213 -0.781133418103 -0.0858634284346 -0.0414242548711 0.785533450911 0.611447238426 0.0952337761606 0.876914079197 0.0 0.0 0.0 1.0,330 127 117 128,,0.8435956,0.06558027,0.445222735405
15,-1,-1,0.914792 -0.308988 0.260158 3.068686 -0.403620 -0.724291 0.559011 -1.316636 0.015702 -0.616384 -0.787290 1.428890 0.000000 0.000000 0.000000 1.000000,,images/rgb_000015.png,,,
15,0,0,0.999633 -0.0190627 0.0192393 0.0418849 -0.00311418 -0.786549 -0.617521 0.0379663 0.0269043 0.617234 -0.786319 0.849153 0 0 3.95253e-323 1,,,1.0,1.0,1.0
15,4,4,-0.778482866761 0.617458115421 0.112738200539 0.0730003951174 0.388489630674 0.615076715208 -0.686116929734 -0.113440635527 -0.492991108458 -0.490332652502 -0.718702759749 0.816992414345 0.0 0.0 0.0 1.0,346 113 57 82,,0.9982241,0.20048156,0.284429579973
15,2,2,0.0130203217611 -0.0445012075229 -0.998924478502 0.0740705589956 0.611918493705 0.790451674594 -0.0272379733542 -0.0420459207735 0.79081364953 -0.610905715033 0.0375230470152 0.875064050345 0.0 0.0 0.0 1.0,329 124 119 133,,0.7162904,0.095821,0.320355534554
16,-1,-1,0.914792 -0.308988 0.260158 3.068686 -0.403620 -0.724291 0.559011 -1.316636 0.015702 -0.616384 -0.787290 1.428890 0.000000 0.000000 0.000000 1.000000,,images/rgb_000016.png,,,
16,0,0,0.999633 -0.0190627 0.0192393 0.0418849 -0.00311418 -0.786549 -0.617521 0.0379663 0.0269043 0.617234 -0.786319 0.849153 0 0 3.95253e-323 1,,,1.0,1.0,1.0
16,4,4,-0.975984841214 0.145988992063 0.161681179847 0.0771438227874 0.0199622272199 0.799022024475 -0.600970310322 -0.113283811091 -0.216921873505 -0.583310396445 -0.782747649115 0.814458889906 0.0 0.0 0.0 1.0,346 114 58 81,,0.9985039,0.20181522,0.266973644495
16,2,2,-0.00443365968181 0.998080895297 0.0617646266409 0.090443255123 0.623994134857 -0.0455035212409 0.780103037565 -0.0475447618406 0.781416446158 0.0419994761509 -0.622594877651 0.88471368132 0.0 0.0 0.0 1.0,328 121 120 136,,0.784841,0.11575235,0.665706038475
17,-1,-1,0.914792 -0.308988 0.260158 3.068686 -0.403620 -0.724291 0.559011 -1.316636 0.015702 -0.616384 -0.787290 1.428890 0.000000 0.000000 0.000000 1.000000,,images/rgb_000017.png,,,
17,0,0,0.999633 -0.0190627 0.0192393 0.0418849 -0.00311418 -0.786549 -0.617521 0.0379663 0.0269043 0.617234 -0.786319 0.849153 0 0 3.95253e-323 1,,,1.0,1.0,1.0
17,4,4,0.363174391964 0.717445784483 0.594454293743 0.0642483048332 -0.125209667585 0.669811169826 -0.731898583083 -0.10760454795 -0.923269679002 0.191375398376 0.333089412518 0.796901473888 0.0 0.0 0.0 1.0,347 113 56 81,,0.99786985,0.2284178,0.0992708653212
17,2,2,-0.0141940470218 -0.173879701162 0.984664602062 0.119626256285 0.619602957627 -0.774437263899 -0.127824485857 -0.0411192017794 0.784787043681 0.608286752945 0.11872877605 0.877404269207 0.0 0.0 0.0 1.0,334 125 115 131,,0.8751474,0.050963804,0.548143744469
18,-1,-1,0.914792 -0.308988 0.260158 3.068686 -0.403620 -0.724291 0.559011 -1.316636 0.015702 -0.616384 -0.787290 1.428890 0.000000 0.000000 0.000000 1.000000,,images/rgb_000018.png,,,
18,0,0,0.999633 -0.0190627 0.0192393 0.0418849 -0.00311418 -0.786549 -0.617521 0.0379663 0.0269043 0.617234 -0.786319 0.849153 0 0 3.95253e-323 1,,,1.0,1.0,1.0
18,4,4,-0.406195324923 0.913783990828 0.00204355514683 0.0722597908904 0.691941993928 0.309041253567 -0.652464390318 -0.112795147653 -0.596843057302 -0.263613963403 -0.75781662904 0.81679370172 0.0 0.0 0.0 1.0,346 113 58 82,,0.9985197,0.23457326,0.313475906849
18,2,2,-0.00259063958243 0.995692196408 0.0926840795294 0.0900496605221 0.635206787159 -0.0699453814811 0.769168369836 -0.0472668965235 0.77233776687 0.0608661944031 -0.632289237806 0.884675051133 0.0 0.0 0.0 1.0,329 125 120 130,,0.7551924,0.068654254,0.206895902753
19,-1,-1,0.914792 -0.308988 0.260158 3.068686 -0.403620 -0.724291 0.559011 -1.316636 0.015702 -0.616384 -0.787290 1.428890 0.000000 0.000000 0.000000 1.000000,,images/rgb_000019.png,,,
19,0,0,0.999633 -0.0190627 0.0192393 0.0418849 -0.00311418 -0.786549 -0.617521 0.0379663 0.0269043 0.617234 -0.786319 0.849153 0 0 3.95253e-323 1,,,1.0,1.0,1.0
19,4,4,0.546075398695 0.219201635889 0.808549504832 0.101224136168 -0.785846739271 0.468437085727 0.40374694933 -0.105242562863 -0.290252581931 -0.855872268238 0.428060859158 0.820994215692 0.0 0.0 0.0 1.0,345 113 58 82,,0.9981065,0.21643609,0.210231527686
19,2,2,-0.00587689925491 0.996472904451 0.0837090959814 0.0915151338103 0.629352922492 -0.0613666416345 0.77469286446 -0.0481562743316 0.777097394801 0.057235356113 -0.62677248903 0.884575579962 0.0 0.0 0.0 1.0,328 125 121 130,,0.82006276,0.0770157,0.232439190149
20,-1,-1,0.914792 -0.308988 0.260158 3.068686 -0.403620 -0.724291 0.559011 -1.316636 0.015702 -0.616384 -0.787290 1.428890 0.000000 0.000000 0.000000 1.000000,,images/rgb_000020.png,,,
20,0,0,0.999633 -0.0190627 0.0192393 0.0418849 -0.00311418 -0.786549 -0.617521 0.0379663 0.0269043 0.617234 -0.786319 0.849153 0 0 3.95253e-323 1,,,1.0,1.0,1.0
20,4,4,-0.752917030902 0.648458546645 0.112327458182 0.073871740771 0.407690684395 0.593560559602 -0.693883396503 -0.113833267159 -0.516627767774 -0.476641768384 -0.71127236288 0.818147705972 0.0 0.0 0.0 1.0,346 113 57 82,,0.9984565,0.20340061,0.241265311837
20,2,2,-0.00562840992039 0.996128973189 0.0877233707414 0.089905097418 0.632620733787 -0.0643917757563 0.771780218973 -0.048030797571 0.774441300671 0.0598395186095 -0.629809418656 0.884777896852 0.0 0.0 0.0 1.0,329 125 120 130,,0.7673968,0.07786934,0.252364754677
21,-1,-1,0.914792 -0.308988 0.260158 3.068686 -0.403620 -0.724291 0.559011 -1.316636 0.015702 -0.616384 -0.787290 1.428890 0.000000 0.000000 0.000000 1.000000,,images/rgb_000021.png,,,
21,0,0,0.999633 -0.0190627 0.0192393 0.0418849 -0.00311418 -0.786549 -0.617521 0.0379663 0.0269043 0.617234 -0.786319 0.849153 0 0 3.95253e-323 1,,,1.0,1.0,1.0
21,4,4,-0.467451313626 0.882862904782 0.0451924855459 0.073017366441 0.618491094293 0.363144373195 -0.696846418156 -0.114141145574 -0.631631249757 -0.297790623724 -0.715795158375 0.817483770767 0.0 0.0 0.0 1.0,347 113 56 82,,0.99844414,0.20673104,0.228319436312
21,2,2,-0.0102570749815 0.996161660008 0.0869295090504 0.091199866064 0.631885111994 -0.0609198582925 0.772664206565 -0.0475997418723 0.774994192013 0.0628547372642 -0.628834862543 0.884825719597 0.0 0.0 0.0 1.0,329 124 120 132,,0.7316835,0.11469712,0.632810711861
22,-1,-1,0.914792 -0.308988 0.260158 3.068686 -0.403620 -0.724291 0.559011 -1.316636 0.015702 -0.616384 -0.787290 1.428890 0.000000 0.000000 0.000000 1.000000,,images/rgb_000022.png,,,
22,0,0,0.999633 -0.0190627 0.0192393 0.0418849 -0.00311418 -0.786549 -0.617521 0.0379663 0.0269043 0.617234 -0.786319 0.849153 0 0 3.95253e-323 1,,,1.0,1.0,1.0
22,4,4,-0.868312458733 0.475641193369 0.140708667748 0.0743269887124 0.276372071509 0.699495655255 -0.659032856821 -0.112771683967 -0.411888276234 -0.533358494307 -0.738834734194 0.816087700462 0.0 0.0 0.0 1.0,346 113 57 81,,0.997924,0.2206156,0.29510563612
22,2,2,-0.0022623433042 0.996132699364 0.0878323804838 0.0905800842872 0.630945692124 -0.0667208884896 0.772952687187 -0.0474479032213 0.775823701232 0.0571661464316 -0.628354689892 0.884989295973 0.0 0.0 0.0 1.0,336 139 107 115,,0.7652318,0.09544106,0.630926132202
23,-1,-1,0.914792 -0.308988 0.260158 3.068686 -0.403620 -0.724291 0.559011 -1.316636 0.015702 -0.616384 -0.787290 1.428890 0.000000 0.000000 0.000000 1.000000,,images/rgb_000023.png,,,
23,0,0,0.999633 -0.0190627 0.0192393 0.0418849 -0.00311418 -0.786549 -0.617521 0.0379663 0.0269043 0.617234 -0.786319 0.849153 0 0 3.95253e-323 1,,,1.0,1.0,1.0
23,4,4,-0.43096045718 0.902367445766 0.00246519136114 0.0722683619688 0.679777683311 0.32644832415 -0.656760072577 -0.113643046454 -0.593443666761 -0.281361839063 -0.7540955708 0.8168755155 0.0 0.0 0.0 1.0,346 113 58 82,,0.9984547,0.19481884,0.279198408127
23,2,2,-0.0101905740828 0.99728032132 0.0729939237758 0.0909029294795 0.628094590979 -0.05041640047 0.776502009879 -0.0479813655397 0.778070264811 0.053760089955 -0.625872603447 0.88417661032 0.0 0.0 0.0 1.0,329 125 119 132,,0.79460347,0.11985101,0.261719197035
24,-1,-1,0.914792 -0.308988 0.260158 3.068686 -0.403620 -0.724291 0.559011 -1.316636 0.015702 -0.616384 -0.787290 1.428890 0.000000 0.000000 0.000000 1.000000,,images/rgb_000024.png,,,
24,0,0,0.999633 -0.0190627 0.0192393 0.0418849 -0.00311418 -0.786549 -0.617521 0.0379663 0.0269043 0.617234 -0.786319 0.849153 0 0 3.95253e-323 1,,,1.0,1.0,1.0
24,4,4,-0.316618730641 0.9485010688 0.00991473106672 0.0720875332378 0.694518217453 0.238930717565 -0.678643174157 -0.112868649932 -0.64606270983 -0.207985179013 -0.734401212062 0.81656898602 0.0 0.0 0.0 1.0,347 113 56 82,,0.9979037,0.23636237,0.303215026855
24,2,2,-0.0113383034254 0.997329598475 0.0721464821177 0.0912077735756 0.628006561218 -0.0490438038725 0.776661100075 -0.0483074040658 0.778125441007 0.05411448335 -0.625773458009 0.883703963595 0.0 0.0 0.0 1.0,329 125 120 130,,0.77395415,0.12440179,0.279729574919
25,-1,-1,0.914792 -0.308988 0.260158 3.068686 -0.403620 -0.724291 0.559011 -1.316636 0.015702 -0.616384 -0.787290 1.428890 0.000000 0.000000 0.000000 1.000000,,images/rgb_000025.png,,,
25,0,0,0.999633 -0.0190627 0.0192393 0.0418849 -0.00311418 -0.786549 -0.617521 0.0379663 0.0269043 0.617234 -0.786319 0.849153 0 0 3.95253e-323 1,,,1.0,1.0,1.0
25,4,4,-0.203184062323 0.0715013852804 0.976526389157 0.0893816151003 -0.949411373841 0.229507040865 -0.214346825063 -0.108596302873 -0.239445776824 -0.970677119385 0.0212520555359 0.815009172183 0.0 0.0 0.0 1.0,347 113 56 82,,0.99850994,0.20109506,0.203363418579
25,2,2,-0.0114915946566 0.99730403203 0.0724748987573 0.0912291382772 0.620296694128 -0.0497384245608 0.782788669039 -0.0478320099076 0.784283083144 0.0539514301928 -0.618052820294 0.883828758555 0.0 0.0 0.0 1.0,329 125 120 132,,0.8136804,0.12434162,0.69974565506
26,-1,-1,0.914792 -0.308988 0.260158 3.068686 -0.403620 -0.724291 0.559011 -1.316636 0.015702 -0.616384 -0.787290 1.428890 0.000000 0.000000 0.000000 1.000000,,images/rgb_000026.png,,,
26,0,0,0.999633 -0.0190627 0.0192393 0.0418849 -0.00311418 -0.786549 -0.617521 0.0379663 0.0269043 0.617234 -0.786319 0.849153 0 0 3.95253e-323 1,,,1.0,1.0,1.0
26,4,4,-0.667054848786 0.734589480121 0.124161686551 0.0726256942701 0.455483055891 0.534002967455 -0.712303317798 -0.113475101635 -0.589553232971 -0.418591837528 -0.690802329938 0.818045134663 0.0 0.0 0.0 1.0,347 113 56 81,,0.998694,0.20917715,0.246443927288
27,-1,-1,0.914792 -0.308988 0.260158 3.068686 -0.403620 -0.724291 0.559011 -1.316636 0.015702 -0.616384 -0.787290 1.428890 0.000000 0.000000 0.000000 1.000000,,images/rgb_000027.png,,,
27,0,0,0.999633 -0.0190627 0.0192393 0.0418849 -0.00311418 -0.786549 -0.617521 0.0379663 0.0269043 0.617234 -0.786319 0.849153 0 0 3.95253e-323 1,,,1.0,1.0,1.0
27,4,4,-0.524259528508 0.850543214632 0.0415714663199 0.0723681165221 0.589266464675 0.397589953569 -0.703340075945 -0.113018321478 -0.614749526538 -0.344236065606 -0.709636914737 0.81733380579 0.0 0.0 0.0 1.0,347 113 56 82,,0.99894124,0.21839939,0.282798051834
27,2,2,-0.0106938910597 0.99693934651 0.0774440447965 0.0913482920353 0.627569912065 -0.0536046705148 0.776712652639 -0.048209652995 0.778486766852 0.056907632875 -0.625075895517 0.883971275769 0.0 0.0 0.0 1.0,330 130 118 124,,0.76659507,0.099384226,0.297513604164
28,-1,-1,0.914792 -0.308988 0.260158 3.068686 -0.403620 -0.724291 0.559011 -1.316636 0.015702 -0.616384 -0.787290 1.428890 0.000000 0.000000 0.000000 1.000000,,images/rgb_000028.png,,,
28,0,0,0.999633 -0.0190627 0.0192393 0.0418849 -0.00311418 -0.786549 -0.617521 0.0379663 0.0269043 0.617234 -0.786319 0.849153 0 0 3.95253e-323 1,,,1.0,1.0,1.0
28,4,4,-0.453625872767 0.891152841575 0.00837738083188 0.0724682803361 0.6606359553 0.342564762349 -0.667989160213 -0.112799660811 -0.598150233738 -0.297482766811 -0.744123848112 0.817267173471 0.0 0.0 0.0 1.0,348 113 55 81,,0.99865305,0.22724867,0.277688980103
28,2,2,-0.00655951497737 0.995472464921 0.0948237541283 0.0906352964938 0.636945558207 -0.0689416475987 0.767819904084 -0.047864008847 0.770880878375 0.0654340951653 -0.633609541079 0.8851340526 0.0 0.0 0.0 1.0,329 126 120 128,,0.7954128,0.07899637,0.596975028515
29,-1,-1,0.914792 -0.308988 0.260158 3.068686 -0.403620 -0.724291 0.559011 -1.316636 0.015702 -0.616384 -0.787290 1.428890 0.000000 0.000000 0.000000 1.000000,,images/rgb_000029.png,,,
29,0,0,0.999633 -0.0190627 0.0192393 0.0418849 -0.00311418 -0.786549 -0.617521 0.0379663 0.0269043 0.617234 -0.786319 0.849153 0 0 3.95253e-323 1,,,1.0,1.0,1.0
29,4,4,-0.857912949225 -0.512900463341 0.0303065381827 0.0752004968789 -0.432592206725 0.68924061073 -0.58121541893 -0.112219871182 0.277217160784 -0.51174260642 -0.813185188344 0.814449118832 0.0 0.0 0.0 1.0,347 113 56 82,,0.9986816,0.24644215,0.452726364136
29,2,2,-0.0117330747738 0.99754235112 0.0690767158871 0.0917289687504 0.632473179223 -0.046103189468 0.773209010219 -0.0484987964009 0.774493390882 0.0527612892401 -0.630377850053 0.884334785858 0.0 0.0 0.0 1.0,328 128 120 126,,0.7841902,0.11457473,0.258437216282
30,-1,-1,0.914792 -0.308988 0.260158 3.068686 -0.403620 -0.724291 0.559011 -1.316636 0.015702 -0.616384 -0.787290 1.428890 0.000000 0.000000 0.000000 1.000000,,images/rgb_000030.png,,,
30,0,0,0.999633 -0.0190627 0.0192393 0.0418849 -0.00311418 -0.786549 -0.617521 0.0379663 0.0269043 0.617234 -0.786319 0.849153 0 0 3.95253e-323 1,,,1.0,1.0,1.0
30,4,4,-0.98423048431 -0.170542609549 -0.0469635186451 0.0758609791479 -0.100247736295 0.756510026156 -0.646253024514 -0.111696400495 0.145742049948 -0.631353940872 -0.761676739978 0.813104199683 0.0 0.0 0.0 1.0,347 113 60 80,,0.99852234,0.15293385,0.576633155346
30,2,2,-0.00270352294306 0.996311465616 0.08576802694 0.0897498676017 0.633580137751 -0.0646502428496 0.770971176599 -0.0476778324089 0.773672346676 0.0564252565877 -0.631068372213 0.884527735239 0.0 0.0 0.0 1.0,329 127 119 129,,0.8377741,0.07921807,0.640906333923
31,-1,-1,0.914898 -0.308797 0.260011 3.069164 -0.403379 -0.724371 0.559080 -1.316850 0.015702 -0.616385 -0.787289 1.428889 0.000000 0.000000 0.000000 1.000000,,images/rgb_000031.png,,,
31,0,0,0.999633 -0.0190627 0.0192393 0.0418849 -0.00311418 -0.786549 -0.617521 0.0379663 0.0269043 0.617234 -0.786319 0.849153 0 0 3.95253e-323 1,,,1.0,1.0,1.0
31,4,4,-0.671891524712 0.736336916567 0.0798105526882 0.0728634991503 0.49932084333 0.529916485879 -0.685468608625 -0.11389706256 -0.547028769295 -0.420709476117 -0.723714765822 0.817348997701 0.0 0.0 0.0 1.0,346 113 58 82,,0.9981704,0.20658034,0.254359513521
31,2,2,-0.0160277642926 0.997805615304 0.0642422356432 0.0910141030867 0.615014660929 -0.0408203509339 0.787458358132 -0.0479116886881 0.788352762165 0.0521311137258 -0.613010823206 0.883991804376 0.0 0.0 0.0 1.0,329 121 119 136,,0.7606519,0.123560235,0.365681856871
32,-1,-1,0.914158 -0.309537 0.261730 3.070441 -0.405136 -0.719050 0.564654 -1.323913 0.013416 -0.622218 -0.782729 1.429021 0.000000 0.000000 0.000000 1.000000,,images/rgb_000032.png,,,
32,0,0,0.999633 -0.0190627 0.0192393 0.0418849 -0.00311418 -0.786549 -0.617521 0.0379663 0.0269043 0.617234 -0.786319 0.849153 0 0 3.95253e-323 1,,,1.0,1.0,1.0
32,4,4,-0.591372020283 0.800340817797 0.0986595610864 0.0742041340394 0.542134509285 0.485158254475 -0.686084281963 -0.113876528676 -0.596966755748 -0.352244295173 -0.720801393624 0.817637721125 0.0 0.0 0.0 1.0,346 113 57 81,,0.9980262,0.22573867,0.229925468564
33,-1,-1,0.914157 -0.309538 0.261731 3.070825 -0.405138 -0.719049 0.564653 -1.324074 0.013416 -0.622218 -0.782729 1.429019 0.000000 0.000000 0.000000 1.000000,,images/rgb_000033.png,,,
33,0,0,0.999633 -0.0190627 0.0192393 0.0418849 -0.00311418 -0.786549 -0.617521 0.0379663 0.0269043 0.617234 -0.786319 0.849153 0 0 3.95253e-323 1,,,1.0,1.0,1.0
33,4,4,-0.363001618506 -0.931773906791 0.00521647254027 0.0752964291129 -0.702904656634 0.270154783997 -0.657982854158 -0.108824230075 0.611681999608 -0.242515523849 -0.753014841851 0.814043087227 0.0 0.0 0.0 1.0,348 113 60 80,,0.9983967,0.16461188,0.750607728958
33,2,2,-0.000665068789104 0.996295968607 0.0859877934454 0.0909574552105 0.63672572569 -0.0658824655955 0.768270688606 -0.0481087717025 0.771090077701 0.0552615930385 -0.634323457241 0.88438968713 0.0 0.0 0.0 1.0,327 127 122 127,,0.7005039,0.06096766,0.639785051346
34,-1,-1,0.913829 -0.310123 0.262184 3.069966 -0.405877 -0.718800 0.564439 -1.323668 0.013412 -0.622215 -0.782732 1.429024 0.000000 0.000000 0.000000 1.000000,,images/rgb_000034.png,,,
34,0,0,0.999633 -0.0190627 0.0192393 0.0418849 -0.00311418 -0.786549 -0.617521 0.0379663 0.0269043 0.617234 -0.786319 0.849153 0 0 3.95253e-323 1,,,1.0,1.0,1.0
34,4,4,-0.979217256686 -0.201184761908 -0.0256564959456 0.0760289038688 -0.135078581685 0.741302760339 -0.657437445149 -0.111386019857 0.151285627137 -0.640308448398 -0.753072207648 0.813767625131 0.0 0.0 0.0 1.0,347 114 56 80,,0.9981548,0.14670904,0.59069609642
35,-1,-1,0.914893 -0.308223 0.260712 3.072494 -0.403474 -0.719607 0.565134 -1.324873 0.013423 -0.622226 -0.782722 1.429008 0.000000 0.000000 0.000000 1.000000,,images/rgb_000035.png,,,
35,0,0,0.999633 -0.0190627 0.0192393 0.0418849 -0.00311418 -0.786549 -0.617521 0.0379663 0.0269043 0.617234 -0.786319 0.849153 0 0 3.95253e-323 1,,,1.0,1.0,1.0
35,4,4,-0.554606992932 0.831078898635 0.041460193362 0.0723162353273 0.60423577933 0.436482715577 -0.666619803171 -0.11316829709 -0.572110309615 -0.344660272219 -0.744243972355 0.816607722205 0.0 0.0 0.0 1.0,347 113 55 83,,0.9984682,0.22960544,0.287065565586
35,2,2,-0.0119406453341 0.997385790096 0.0712671502379 0.0913726005872 0.622129959021 -0.0483872449696 0.7814172948 -0.048121081275 0.782822927026 0.0536680560323 -0.61992580579 0.884507052539 0.0 0.0 0.0 1.0,329 127 120 131,,0.7499616,0.13375868,0.635834157467
36,-1,-1,0.915024 -0.307987 0.260529 3.073077 -0.403176 -0.719707 0.565220 -1.325135 0.013424 -0.622228 -0.782721 1.429004 0.000000 0.000000 0.000000 1.000000,,images/rgb_000036.png,,,
36,0,0,0.999633 -0.0190627 0.0192393 0.0418849 -0.00311418 -0.786549 -0.617521 0.0379663 0.0269043 0.617234 -0.786319 0.849153 0 0 3.95253e-323 1,,,1.0,1.0,1.0
36,4,4,-0.601336153716 0.796453460203 0.0636923540483 0.0711164854791 0.565119483285 0.480316655603 -0.670772599293 -0.114103149302 -0.564831656201 -0.367366024668 -0.738923138136 0.816526783786 0.0 0.0 0.0 1.0,346 113 56 81,,0.99683845,0.23438479,0.271691143513
36,2,2,-0.00897419397296 0.998114602652 0.0607182329681 0.0890838408895 0.630172135052 -0.041500572209 0.775345589212 -0.0479168729848 0.776403596106 0.0452210402197 -0.628611575995 0.88400928404 0.0 0.0 0.0 1.0,327 123 109 107,,0.8742515,0.09379093,0.680383503437
37,-1,-1,0.914714 -0.308544 0.260960 3.071960 -0.403880 -0.719471 0.565017 -1.324625 0.013421 -0.622225 -0.782724 1.429011 0.000000 0.000000 0.000000 1.000000,,images/rgb_000037.png,,,
37,0,0,0.999633 -0.0190627 0.0192393 0.0418849 -0.00311418 -0.786549 -0.617521 0.0379663 0.0269043 0.617234 -0.786319 0.849153 0 0 3.95253e-323 1,,,1.0,1.0,1.0
37,4,4,-0.666990941584 0.74058587805 0.0815821124813 0.0690992528131 0.500686429179 0.5266122899 -0.687017172829 -0.113070533819 -0.551757359244 -0.417387174407 -0.722046925872 0.816909132516 0.0 0.0 0.0 1.0,346 113 55 83,,0.9980038,0.20791672,0.323743015528
38,-1,-1,0.915068 -0.307908 0.260468 3.076728 -0.403076 -0.719740 0.565249 -1.326666 0.013425 -0.622228 -0.782721 1.428981 0.000000 0.000000 0.000000 1.000000,,images/rgb_000038.png,,,
38,0,0,0.999633 -0.0190627 0.0192393 0.0418849 -0.00311418 -0.786549 -0.617521 0.0379663 0.0269043 0.617234 -0.786319 0.849153 0 0 3.95253e-323 1,,,1.0,1.0,1.0
38,4,4,-0.632426186557 0.771932792567 0.0644738886479 0.0669476551841 0.558677706308 0.512195728777 -0.652330250638 -0.11340728293 -0.536578362433 -0.37653060856 -0.755187633496 0.815932989731 0.0 0.0 0.0 1.0,343 112 56 83,,0.996141,0.2212945,0.348158597946
39,-1,-1,0.915622 -0.306912 0.259696 3.078470 -0.401816 -0.720160 0.565610 -1.327468 0.013430 -0.622235 -0.782716 1.428970 0.000000 0.000000 0.000000 1.000000,,images/rgb_000039.png,,,
39,0,0,0.999633 -0.0190627 0.0192393 0.0418849 -0.00311418 -0.786549 -0.617521 0.0379663 0.0269043 0.617234 -0.786319 0.849153 0 0 3.95253e-323 1,,,1.0,1.0,1.0
39,4,4,-0.968843096864 -0.247661966879 0.00256979006886 0.0682775147376 -0.196527515311 0.762410067285 -0.616528851741 -0.111094292006 0.150731514241 -0.597824756484 -0.787328121656 0.813316391438 0.0 0.0 0.0 1.0,339 114 59 83,,0.9898811,0.15667267,0.614425837994
39,2,2,-0.0065681788573 0.998080265201 0.0615844399346 0.0845370913902 0.631522250573 -0.0436101529865 0.774130351806 -0.047151718657 0.775329933678 0.0439765707173 -0.630023456048 0.883783030751 0.0 0.0 0.0 1.0,326 124 118 138,,0.8169816,0.097618334,0.403887540102
40,-1,-1,0.915899 -0.306411 0.259308 3.079309 -0.401183 -0.720370 0.565792 -1.327855 0.013433 -0.622238 -0.782713 1.428964 0.000000 0.000000 0.000000 1.000000,,images/rgb_000040.png,,,
40,0,0,0.999633 -0.0190627 0.0192393 0.0418849 -0.00311418 -0.786549 -0.617521 0.0379663 0.0269043 0.617234 -0.786319 0.849153 0 0 3.95253e-323 1,,,1.0,1.0,1.0
40,4,4,-0.509994991373 0.858678010149 0.0507659695154 0.0667015211446 0.62141077645 0.408597405638 -0.668503408381 -0.11442074823 -0.594772019925 -0.309386869456 -0.741974399371 0.817473569696 0.0 0.0 0.0 1.0,340 113 56 84,,0.9931416,0.19790033,0.25031298399
40,2,2,0.0159636801795 -0.99510593217 -0.0975158688427 0.0814295476244 0.601001405984 0.0874933481257 -0.794444600988 -0.0571702812577 0.799088525083 -0.0459249147497 0.599456780165 0.887746297044 0.0 0.0 0.0 1.0,323 128 116 129,,0.7505888,0.09982052,0.578614234924
41,-1,-1,0.916315 -0.305660 0.258726 3.082112 -0.400233 -0.720685 0.566064 -1.329072 0.013437 -0.622243 -0.782709 1.428947 0.000000 0.000000 0.000000 1.000000,,images/rgb_000041.png,,,
41,0,0,0.999633 -0.0190627 0.0192393 0.0418849 -0.00311418 -0.786549 -0.617521 0.0379663 0.0269043 0.617234 -0.786319 0.849153 0 0 3.95253e-323 1,,,1.0,1.0,1.0
41,4,4,-0.601665241249 0.798200215929 0.029586361115 0.0643347141453 0.585126599681 0.465664094754 -0.663915516616 -0.112823379936 -0.543714814787 -0.382143122597 -0.747222078122 0.816686028138 0.0 0.0 0.0 1.0,338 114 57 86,,0.9918899,0.16856535,0.306398153305
42,-1,-1,0.916335 -0.305624 0.258698 3.081074 -0.400187 -0.720701 0.566077 -1.328646 0.013437 -0.622243 -0.782709 1.428953 0.000000 0.000000 0.000000 1.000000,,images/rgb_000042.png,,,
42,0,0,0.999633 -0.0190627 0.0192393 0.0418849 -0.00311418 -0.786549 -0.617521 0.0379663 0.0269043 0.617234 -0.786319 0.849153 0 0 3.95253e-323 1,,,1.0,1.0,1.0
42,4,4,-0.346307668861 0.937973939076 -0.0166098796707 0.062326673953 0.746785841129 0.264916987344 -0.610024505496 -0.11300120135 -0.567786849071 -0.223660187407 -0.792208441378 0.815949529756 0.0 0.0 0.0 1.0,338 113 57 85,,0.9980413,0.20650977,0.355439960957
43,-1,-1,0.916463 -0.305392 0.258518 3.084188 -0.399894 -0.720798 0.566160 -1.329951 0.013439 -0.622244 -0.782708 1.428934 0.000000 0.000000 0.000000 1.000000,,images/rgb_000043.png,,,
43,0,0,0.999633 -0.0190627 0.0192393 0.0418849 -0.00311418 -0.786549 -0.617521 0.0379663 0.0269043 0.617234 -0.786319 0.849153 0 0 3.95253e-323 1,,,1.0,1.0,1.0
43,4,4,-0.988033371386 0.125278584117 0.0899740706538 0.0626089372618 0.0482425043162 0.805074753378 -0.591208340816 -0.111591434224 -0.146501596597 -0.579792995676 -0.801484475433 0.813843724398 0.0 0.0 0.0 1.0,337 113 57 84,,0.99805367,0.17023335,0.459856569767
44,-1,-1,0.916255 -0.305769 0.258811 3.086358 -0.400371 -0.720640 0.566024 -1.330820 0.013437 -0.622242 -0.782710 1.428920 0.000000 0.000000 0.000000 1.000000,,images/rgb_000044.png,,,
44,0,0,0.999633 -0.0190627 0.0192393 0.0418849 -0.00311418 -0.786549 -0.617521 0.0379663 0.0269043 0.617234 -0.786319 0.849153 0 0 3.95253e-323 1,,,1.0,1.0,1.0
44,4,4,0.123110870815 -0.987087788093 0.102476397693 0.0598620240784 -0.785722169973 -0.160029071399 -0.597521018811 -0.10728423553 0.60620490356 -0.00695664461027 -0.79527807715 0.813249685122 0.0 0.0 0.0 1.0,337 116 54 78,,0.9978855,0.16897167,0.74883890152
45,-1,-1,0.915955 -0.306310 0.259230 3.088318 -0.401055 -0.720413 0.565829 -1.331592 0.013434 -0.622238 -0.782712 1.428908 0.000000 0.000000 0.000000 1.000000,,images/rgb_000045.png,,,
45,0,0,0.999633 -0.0190627 0.0192393 0.0418849 -0.00311418 -0.786549 -0.617521 0.0379663 0.0269043 0.617234 -0.786319 0.849153 0 0 3.95253e-323 1,,,1.0,1.0,1.0
45,4,4,-0.277176089149 0.960798188419 0.0063448194773 0.0566543173857 0.6972850276 0.205690845531 -0.686647556138 -0.111567581914 -0.661034799303 -0.185898136609 -0.726962775468 0.815164599157 0.0 0.0 0.0 1.0,338 113 54 82,,0.9981285,0.20020689,0.361691236496
46,-1,-1,0.915370 -0.307365 0.260048 3.090214 -0.402390 -0.719969 0.565446 -1.332300 0.013428 -0.622232 -0.782718 1.428897 0.000000 0.000000 0.000000 1.000000,,images/rgb_000046.png,,,
46,0,0,0.999633 -0.0190627 0.0192393 0.0418849 -0.00311418 -0.786549 -0.617521 0.0379663 0.0269043 0.617234 -0.786319 0.849153 0 0 3.95253e-323 1,,,1.0,1.0,1.0
46,4,4,-0.0471831909382 -0.998465537857 0.0289882080295 0.0540569629964 -0.759835848181 0.0170384299619 -0.649891664605 -0.108434716829 0.648400516896 -0.0526902421356 -0.759473836332 0.813099970552 0.0 0.0 0.0 1.0,336 115 55 80,,0.9984518,0.14881547,0.754504263401
46,2,2,-0.0175111353604 0.997711096715 0.0653140691666 0.070983306235 0.617723685603 -0.0405700929798 0.78534802209 -0.0480368671346 0.786200234281 0.0540983830472 -0.61559934744 0.882332175678 0.0 0.0 0.0 1.0,318 145 102 104,,0.76080894,0.098522775,0.703561007977
47,-1,-1,0.915071 -0.307903 0.260464 3.091178 -0.403070 -0.719742 0.565250 -1.332661 0.013425 -0.622229 -0.782721 1.428891 0.000000 0.000000 0.000000 1.000000,,images/rgb_000047.png,,,
47,0,0,0.999633 -0.0190627 0.0192393 0.0418849 -0.00311418 -0.786549 -0.617521 0.0379663 0.0269043 0.617234 -0.786319 0.849153 0 0 3.95253e-323 1,,,1.0,1.0,1.0
47,4,4,0.124326960814 -0.985400938346 0.116309060361 0.051033912839 -0.793163746996 -0.169127716024 -0.585053062657 -0.107486472736 0.596182922656 -0.019514260931 -0.802611435474 0.812694182094 0.0 0.0 0.0 1.0,333 117 57 80,,0.99765164,0.12506579,0.749070882797
47,2,2,0.0148861691543 -0.995413629841 -0.0944992459961 0.0670413620827 0.588870341312 0.0851086143477 -0.803733939116 -0.0564171877644 0.808090417646 -0.0436832838708 0.587436505181 0.887252878155 0.0 0.0 0.0 1.0,313 124 121 135,,0.7661574,0.110152975,0.208399236202
48,-1,-1,0.915060 -0.307923 0.260480 3.091947 -0.403095 -0.719734 0.565243 -1.332981 0.013425 -0.622228 -0.782721 1.428887 0.000000 0.000000 0.000000 1.000000,,images/rgb_000048.png,,,
48,0,0,0.999633 -0.0190627 0.0192393 0.0418849 -0.00311418 -0.786549 -0.617521 0.0379663 0.0269043 0.617234 -0.786319 0.849153 0 0 3.95253e-323 1,,,1.0,1.0,1.0
48,4,4,-0.141230114222 0.988802154566 -0.0482115542346 0.0494865369502 0.755944721423 0.0762701657383 -0.650177237352 -0.114203736864 -0.639219549912 -0.128269875431 -0.758251413495 0.815076218968 0.0 0.0 0.0 1.0,331 114 57 82,,0.99783343,0.18261048,0.196767032146
48,2,2,-0.00146122334988 0.997203993084 0.0747131916352 0.0659434954725 0.625932430849 -0.0573550720449 0.777765380897 -0.0476710459537 0.779875924002 0.047901898592 -0.624098510873 0.883871272655 0.0 0.0 0.0 1.0,313 123 119 135,,0.76003,0.11818107,0.696326971054
49,-1,-1,0.915181 -0.307706 0.260311 3.093404 -0.402820 -0.719826 0.565322 -1.333605 0.013426 -0.622230 -0.782720 1.428877 0.000000 0.000000 0.000000 1.000000,,images/rgb_000049.png,,,
49,0,0,0.999633 -0.0190627 0.0192393 0.0418849 -0.00311418 -0.786549 -0.617521 0.0379663 0.0269043 0.617234 -0.786319 0.849153 0 0 3.95253e-323 1,,,1.0,1.0,1.0
49,4,4,-0.296922065695 -0.954614435631 0.023421489873 0.0498893441319 -0.769601761289 0.224711939529 -0.597676897039 -0.109168370468 0.565287905341 -0.195488678745 -0.801394884285 0.813638738269 0.0 0.0 0.0 1.0,331 115 56 80,,0.9953242,0.17291328,0.689945101738
