frame,label,id,transform,bbox,image_path,detection_score,raw_pose_score,render_score
1,-1,-1,0.912166795768 -0.31096150277 0.266935723524 3.11551018564 -0.409366946023 -0.72195794274 0.557848933331 -1.33799379638 0.0192468231722 -0.618125935963 -0.785843424028 1.42831241689 0.0 0.0 0.0 1.0,,images/rgb_000001.png,,,
1,0,0,0.999633 -0.0190627 0.0192393 0.0418849 -0.00311418 -0.786549 -0.617521 0.0379663 0.0269043 0.617234 -0.786319 0.849153 0 0 3.95253e-323 1,,,1.0,1.0,1.0
1,2,2,0.0114412497137 0.981056918759 0.193381539866 0.134905324483 -0.599555985729 0.161504645059 -0.7838678904 -0.0115984508956 -0.800251034227 -0.106974631479 0.590046362957 0.847934036843 0.0 0.0 0.0 1.0,340 154 130 132,,0.96644384,0.08684752,0.616803407669
1,3,3,-0.448090265956 -0.141306151432 0.882750069455 -0.0121434001752 -0.547991707955 0.823585373079 -0.146329153838 -0.00465633558054 -0.706342835716 -0.549308387719 -0.446475188128 0.794028994836 0.0 0.0 0.0 1.0,242 177 143 92,,0.9329608,0.11585122,0.734032869339
2,-1,-1,0.912166795768 -0.31096150277 0.266935723524 3.11551018563 -0.409366946023 -0.72195794274 0.557848933331 -1.33799379638 0.0192468231722 -0.618125935963 -0.785843424028 1.42831241689 0.0 0.0 0.0 1.0,,images/rgb_000002.png,,,
2,0,0,0.999633 -0.0190627 0.0192393 0.0418849 -0.00311418 -0.786549 -0.617521 0.0379663 0.0269043 0.617234 -0.786319 0.849153 0 0 3.95253e-323 1,,,1.0,1.0,1.0
2,3,3,-0.288577935505 0.322378672324 -0.901551311224 -0.0324343335231 -0.616646862973 -0.782897973768 -0.0825676029402 -0.00873661593728 -0.732440729018 0.53211159948 0.424720877959 0.81080966029 0.0 0.0 0.0 1.0,240 175 138 90,,0.9375642,0.120643474,0.437518894672
2,2,2,-0.0229511803492 -0.998823946761 0.0427079231141 0.135807149243 0.620876495152 -0.0477229757291 -0.782454404649 -0.0117801857029 0.783572345791 0.00855809346217 0.621241609962 0.853417849277 0.0 0.0 0.0 1.0,341 153 128 132,,0.92496955,0.06435799,0.720675766468
3,-1,-1,0.912166795768 -0.31096150277 0.266935723524 3.11551018564 -0.409366946023 -0.72195794274 0.557848933331 -1.33799379638 0.0192468231722 -0.618125935963 -0.785843424028 1.42831241689 0.0 0.0 0.0 1.0,,images/rgb_000003.png,,,
3,0,0,0.999633 -0.0190627 0.0192393 0.0418849 -0.00311418 -0.786549 -0.617521 0.0379663 0.0269043 0.617234 -0.786319 0.849153 0 0 3.95253e-323 1,,,1.0,1.0,1.0
3,2,2,0.00421251617407 0.977766267165 0.209655387484 0.135438573346 -0.588772921963 0.171889952645 -0.789810287691 -0.0136571078754 -0.808287511391 -0.120112326483 0.576406391322 0.84947633878 0.0 0.0 0.0 1.0,340 154 130 131,,0.9492466,0.08953338,0.638091981411
3,3,3,-0.295509275966 0.883563968575 -0.363302878125 -0.0193785664339 -0.646282666678 -0.464951966734 -0.605093698018 -0.0315660537024 -0.703557376885 0.0559855522933 0.70842969684 0.832155537758 0.0 0.0 0.0 1.0,241 175 138 92,,0.9447807,0.11109148,0.0723870098591
4,-1,-1,0.912166795768 -0.31096150277 0.266935723524 3.11551018564 -0.409366946023 -0.72195794274 0.557848933331 -1.33799379638 0.0192468231722 -0.618125935963 -0.785843424028 1.42831241689 0.0 0.0 0.0 1.0,,images/rgb_000004.png,,,
4,0,0,0.999633 -0.0190627 0.0192393 0.0418849 -0.00311418 -0.786549 -0.617521 0.0379663 0.0269043 0.617234 -0.786319 0.849153 0 0 3.95253e-323 1,,,1.0,1.0,1.0
4,3,3,-0.446942465489 -0.149854975592 0.88192171922 -0.0136191863755 -0.561013684605 0.814856222495 -0.145852604867 -0.00432489151767 -0.696782662118 -0.55995787605 -0.448264541115 0.794510700661 0.0 0.0 0.0 1.0,245 176 135 91,,0.9759488,0.112380736,0.722534298897
4,2,2,0.0048455697708 -0.996397096467 0.0846719942197 0.130336898226 0.600429013123 -0.0648116764895 -0.797047330333 -0.008355145321 0.799663379587 0.0547016703783 0.597951675811 0.850584836007 0.0 0.0 0.0 1.0,339 161 130 123,,0.8919585,0.07634866,0.818375885487
5,-1,-1,0.912166795768 -0.31096150277 0.266935723524 3.11551018564 -0.409366946023 -0.72195794274 0.557848933331 -1.33799379638 0.0192468231722 -0.618125935963 -0.785843424028 1.42831241689 0.0 0.0 0.0 1.0,,images/rgb_000005.png,,,
5,0,0,0.999633 -0.0190627 0.0192393 0.0418849 -0.00311418 -0.786549 -0.617521 0.0379663 0.0269043 0.617234 -0.786319 0.849153 0 0 3.95253e-323 1,,,1.0,1.0,1.0
5,3,3,-0.333254680762 0.106660137288 -0.936784357717 -0.0230143217087 -0.584490587635 -0.80299323496 0.116501577561 -0.00675724946964 -0.739805427607 0.586366335768 0.329943100491 0.800621852128 0.0 0.0 0.0 1.0,245 176 136 90,,0.96482784,0.1115513,0.612933516502
5,2,2,0.00532353723466 0.983734168129 0.179551514632 0.135725753664 -0.594764771265 0.147457188995 -0.790260238324 -0.0124193890463 -0.803882159781 -0.102583935727 0.585875421329 0.848504709949 0.0 0.0 0.0 1.0,340 155 130 131,,0.96050733,0.07875718,0.651742219925
6,-1,-1,0.912166795768 -0.31096150277 0.266935723524 3.11551018564 -0.409366946023 -0.72195794274 0.557848933331 -1.33799379638 0.0192468231722 -0.618125935963 -0.785843424028 1.42831241689 0.0 0.0 0.0 1.0,,images/rgb_000006.png,,,
6,0,0,0.999633 -0.0190627 0.0192393 0.0418849 -0.00311418 -0.786549 -0.617521 0.0379663 0.0269043 0.617234 -0.786319 0.849153 0 0 3.95253e-323 1,,,1.0,1.0,1.0
6,3,3,-0.443958525588 -0.149472226128 0.883492434135 -0.0117934461007 -0.558424803389 0.817251198869 -0.142345414069 -0.00538838813622 -0.700758565069 -0.556559548982 -0.446294635773 0.793543874769 0.0 0.0 0.0 1.0,242 176 142 93,,0.9503086,0.11698559,0.732470154762
6,2,2,-0.0075312217767 -0.998263361362 0.0584255257618 0.136136662678 0.611666667652 -0.0508207300707 -0.789481564749 -0.0098710735532 0.791079748433 0.0297911858958 0.610987165873 0.85191179273 0.0 0.0 0.0 1.0,340 157 130 128,,0.9256079,0.09412817,0.804745793343
7,-1,-1,0.912166795768 -0.31096150277 0.266935723524 3.11551018564 -0.409366946023 -0.72195794274 0.557848933331 -1.33799379638 0.0192468231722 -0.618125935963 -0.785843424028 1.42831241689 0.0 0.0 0.0 1.0,,images/rgb_000007.png,,,
7,0,0,0.999633 -0.0190627 0.0192393 0.0418849 -0.00311418 -0.786549 -0.617521 0.0379663 0.0269043 0.617234 -0.786319 0.849153 0 0 3.95253e-323 1,,,1.0,1.0,1.0
7,3,3,-0.318589812327 0.131451269623 -0.938733772268 -0.0247833007338 -0.60035299583 -0.79436607386 0.0925138967855 -0.0077714212742 -0.733537191886 0.593045617482 0.331994101914 0.803120034847 0.0 0.0 0.0 1.0,246 177 134 90,,0.9229493,0.11218175,0.564982831478
7,2,2,0.0118547558713 0.985984875971 0.166413007666 0.13414399508 -0.588456159111 0.141433411298 -0.796062773261 -0.011740263184 -0.808442214117 -0.0884896294822 0.581885531618 0.847984095966 0.0 0.0 0.0 1.0,338 155 128 127,,0.8694803,0.07219492,0.678718924522
8,-1,-1,0.912166795768 -0.31096150277 0.266935723524 3.11551018564 -0.409366946023 -0.72195794274 0.557848933331 -1.33799379638 0.0192468231722 -0.618125935963 -0.785843424028 1.42831241689 0.0 0.0 0.0 1.0,,images/rgb_000008.png,,,
8,0,0,0.999633 -0.0190627 0.0192393 0.0418849 -0.00311418 -0.786549 -0.617521 0.0379663 0.0269043 0.617234 -0.786319 0.849153 0 0 3.95253e-323 1,,,1.0,1.0,1.0
8,3,3,-0.300862926454 0.289207584783 -0.908757653277 -0.0317873235968 -0.587214580635 -0.807020860593 -0.0624208847879 -0.00744416590389 -0.751438976747 0.514855614199 0.412629568442 0.807595021079 0.0 0.0 0.0 1.0,247 176 133 92,,0.963543,0.11252537,0.484829246998
8,2,2,0.00733225580894 -0.99827459311 0.058258688421 0.130716935413 0.60574724163 -0.0419203963053 -0.794552049668 -0.00826531163566 0.795623351393 0.0411158986937 0.604394710096 0.851055057593 0.0 0.0 0.0 1.0,341 156 129 130,,0.95206994,0.09209816,0.82495367527
9,-1,-1,0.912166795768 -0.31096150277 0.266935723524 3.11551018564 -0.409366946023 -0.72195794274 0.557848933331 -1.33799379638 0.0192468231722 -0.618125935963 -0.785843424028 1.42831241689 0.0 0.0 0.0 1.0,,images/rgb_000009.png,,,
9,0,0,0.999633 -0.0190627 0.0192393 0.0418849 -0.00311418 -0.786549 -0.617521 0.0379663 0.0269043 0.617234 -0.786319 0.849153 0 0 3.95253e-323 1,,,1.0,1.0,1.0
9,3,3,-0.201901772507 0.912328581046 -0.356219362845 -0.0290645608009 -0.768746615437 -0.372978897447 -0.519533813446 -0.0244501054155 -0.606847852029 0.168947631728 0.776654609348 0.837038106142 0.0 0.0 0.0 1.0,242 176 142 92,,0.9322344,0.11934876,0.145826816559
9,2,2,-0.0108374053587 0.977369877838 0.211259727684 0.137056372749 -0.594440517252 0.163589689352 -0.787323875534 -0.0126254460292 -0.804066553274 -0.134113889787 0.579215367953 0.849855109191 0.0 0.0 0.0 1.0,334 153 135 134,,0.903254,0.09296135,0.640654563904
10,-1,-1,0.912166795768 -0.31096150277 0.266935723524 3.11551018564 -0.409366946023 -0.72195794274 0.557848933331 -1.33799379638 0.0192468231722 -0.618125935963 -0.785843424028 1.42831241689 0.0 0.0 0.0 1.0,,images/rgb_000010.png,,,
10,0,0,0.999633 -0.0190627 0.0192393 0.0418849 -0.00311418 -0.786549 -0.617521 0.0379663 0.0269043 0.617234 -0.786319 0.849153 0 0 3.95253e-323 1,,,1.0,1.0,1.0
10,3,3,-0.319763106976 0.146361196098 -0.93612496799 -0.0226665472861 -0.609593552379 -0.788143688252 0.0850013386167 -0.00861278890758 -0.725360087346 0.597836036841 0.341240115959 0.802874880179 0.0 0.0 0.0 1.0,247 176 133 92,,0.9636085,0.1093585,0.586167931557
10,2,2,0.0342814819893 0.977227196062 0.209408183386 0.131676407715 -0.603483649582 0.187259792044 -0.775074999578 -0.0155739389664 -0.796638101449 -0.0998036951239 0.596160177938 0.850034349099 0.0 0.0 0.0 1.0,335 150 134 136,,0.9326374,0.07426046,0.497732967138
11,-1,-1,0.912166795768 -0.31096150277 0.266935723524 3.11551018564 -0.409366946023 -0.72195794274 0.557848933331 -1.33799379638 0.0192468231722 -0.618125935963 -0.785843424028 1.42831241689 0.0 0.0 0.0 1.0,,images/rgb_000011.png,,,
11,0,0,0.999633 -0.0190627 0.0192393 0.0418849 -0.00311418 -0.786549 -0.617521 0.0379663 0.0269043 0.617234 -0.786319 0.849153 0 0 3.95253e-323 1,,,1.0,1.0,1.0
11,2,2,-0.00272934029986 -0.998315221396 0.0579592048852 0.135038930141 0.609597890139 -0.0476059669236 -0.791280028973 -0.0106568242547 0.792706101301 0.0331721365406 0.608700785541 0.851130125657 0.0 0.0 0.0 1.0,341 154 128 131,,0.94959635,0.06706756,0.757433652878
11,3,3,-0.449895587588 -0.126005531202 0.884147366888 -0.010790752136 -0.549578877962 0.819411880583 -0.162871811119 -0.0051056413208 -0.703958107537 -0.559184027012 -0.437899767947 0.794346773126 0.0 0.0 0.0 1.0,240 175 133 88,,0.90634716,0.11544325,0.699861228466
12,-1,-1,0.912166795768 -0.31096150277 0.266935723524 3.11551018564 -0.409366946023 -0.72195794274 0.557848933331 -1.33799379638 0.0192468231722 -0.618125935963 -0.785843424028 1.42831241689 0.0 0.0 0.0 1.0,,images/rgb_000012.png,,,
12,0,0,0.999633 -0.0190627 0.0192393 0.0418849 -0.00311418 -0.786549 -0.617521 0.0379663 0.0269043 0.617234 -0.786319 0.849153 0 0 3.95253e-323 1,,,1.0,1.0,1.0
12,3,3,-0.320881454413 0.176527395041 -0.930523063128 -0.0249538794873 -0.600330449568 -0.797812363454 0.0556667229287 -0.00852033175343 -0.732556102653 0.576483747837 0.36197796196 0.804696626181 0.0 0.0 0.0 1.0,246 176 134 92,,0.9625837,0.11342954,0.5475050807
12,2,2,-0.00350512837694 0.977869224121 0.20918770182 0.135683281931 -0.594418978892 0.166182480845 -0.78679696275 -0.0136317524692 -0.804147866756 -0.127102964474 0.580681534763 0.848902228446 0.0 0.0 0.0 1.0,339 154 130 132,,0.9303192,0.10910531,0.62789618969
13,-1,-1,0.912166795768 -0.31096150277 0.266935723524 3.11551018564 -0.409366946023 -0.72195794274 0.557848933331 -1.33799379638 0.0192468231722 -0.618125935963 -0.785843424028 1.42831241689 0.0 0.0 0.0 1.0,,images/rgb_000013.png,,,
13,0,0,0.999633 -0.0190627 0.0192393 0.0418849 -0.00311418 -0.786549 -0.617521 0.0379663 0.0269043 0.617234 -0.786319 0.849153 0 0 3.95253e-323 1,,,1.0,1.0,1.0
13,3,3,-0.303276770082 0.349526542281 -0.886484290312 -0.0313479924691 -0.584989853407 -0.802652850029 -0.116341195414 -0.0101792096327 -0.752203477883 0.483300733064 0.447895444585 0.810781114396 0.0 0.0 0.0 1.0,246 176 133 92,,0.9546225,0.110450484,0.438268005848
13,2,2,-0.0130442102959 -0.99734881645 0.0715904106902 0.133449249085 0.620033810351 -0.0642376286965 -0.781940919175 -0.0103058379745 0.784466648494 0.0341886733362 0.619227916051 0.851023613586 0.0 0.0 0.0 1.0,341 152 128 134,,0.9410481,0.06303988,0.735009908676
14,-1,-1,0.912166795768 -0.31096150277 0.266935723524 3.11551018565 -0.409366946023 -0.72195794274 0.557848933331 -1.33799379638 0.0192468231722 -0.618125935963 -0.785843424028 1.42831241689 0.0 0.0 0.0 1.0,,images/rgb_000014.png,,,
14,0,0,0.999633 -0.0190627 0.0192393 0.0418849 -0.00311418 -0.786549 -0.617521 0.0379663 0.0269043 0.617234 -0.786319 0.849153 0 0 3.95253e-323 1,,,1.0,1.0,1.0
14,3,3,-0.318535495815 0.489322818744 -0.811848703246 -0.0371436230978 -0.588633637189 -0.773425615684 -0.235208967036 -0.00901446494975 -0.742997697894 0.402959050104 0.534395382525 0.81625287112 0.0 0.0 0.0 1.0,246 176 134 91,,0.95511293,0.112958424,0.327812045813
14,2,2,-0.0154187966948 -0.998640075089 0.0498022201872 0.137590939065 0.625661714806 -0.0484882074006 -0.778586098238 -0.0119074316404 0.779942099989 0.0191544817253 0.625558491666 0.852243152147 0.0 0.0 0.0 1.0,336 152 132 135,,0.9312192,0.06521551,0.664986729622
15,-1,-1,0.912166795768 -0.31096150277 0.266935723524 3.11551018564 -0.409366946023 -0.72195794274 0.557848933331 -1.33799379638 0.0192468231722 -0.618125935963 -0.785843424028 1.42831241689 0.0 0.0 0.0 1.0,,images/rgb_000015.png,,,
15,0,0,0.999633 -0.0190627 0.0192393 0.0418849 -0.00311418 -0.786549 -0.617521 0.0379663 0.0269043 0.617234 -0.786319 0.849153 0 0 3.95253e-323 1,,,1.0,1.0,1.0
15,3,3,-0.453906615139 -0.1391341927 0.880119572078 -0.0123901531966 -0.552592327533 0.818807935854 -0.15554833247 -0.00451569290429 -0.699006798454 -0.556951739924 -0.448546825996 0.794162963925 0.0 0.0 0.0 1.0,242 177 142 91,,0.93902665,0.111534335,0.735118865967
15,2,2,0.0108962687515 0.978880839791 0.204141061075 0.135460649489 -0.59248377548 0.170777194564 -0.787272586599 -0.0108813318268 -0.80550868842 -0.112371932912 0.581831849913 0.846133786379 0.0 0.0 0.0 1.0,338 156 131 130,,0.9243469,0.10106908,0.621447682381
16,-1,-1,0.912166795768 -0.31096150277 0.266935723524 3.11551018564 -0.409366946023 -0.72195794274 0.557848933331 -1.33799379638 0.0192468231722 -0.618125935963 -0.785843424028 1.42831241689 0.0 0.0 0.0 1.0,,images/rgb_000016.png,,,
16,0,0,0.999633 -0.0190627 0.0192393 0.0418849 -0.00311418 -0.786549 -0.617521 0.0379663 0.0269043 0.617234 -0.786319 0.849153 0 0 3.95253e-323 1,,,1.0,1.0,1.0
16,3,3,-0.446944608963 -0.162152829712 0.879742562535 -0.0116644143982 -0.558302195259 0.818957740759 -0.132690910086 -0.00552125639406 -0.698955774916 -0.550467690847 -0.456559027997 0.794781902882 0.0 0.0 0.0 1.0,245 176 135 91,,0.96903014,0.11950608,0.7189193964
16,2,2,-0.00335352288244 0.971917604648 0.235297521575 0.13602342212 -0.605420626364 0.185301781021 -0.774034311335 -0.0118699381033 -0.795898623606 -0.145049714669 0.587797551217 0.847517782993 0.0 0.0 0.0 1.0,340 156 130 129,,0.9259142,0.0785313,0.583926022053
17,-1,-1,0.912166795768 -0.31096150277 0.266935723524 3.11551018564 -0.409366946023 -0.72195794274 0.557848933331 -1.33799379638 0.0192468231722 -0.618125935963 -0.785843424028 1.42831241689 0.0 0.0 0.0 1.0,,images/rgb_000017.png,,,
17,0,0,0.999633 -0.0190627 0.0192393 0.0418849 -0.00311418 -0.786549 -0.617521 0.0379663 0.0269043 0.617234 -0.786319 0.849153 0 0 3.95253e-323 1,,,1.0,1.0,1.0
17,2,2,-0.0181510521219 0.82877288679 0.559290659164 0.134832830712 -0.588070756801 0.443545389177 -0.676343309818 -0.0103219089845 -0.808605790421 -0.341178823875 0.479326283273 0.841441883017 0.0 0.0 0.0 1.0,341 154 129 132,,0.9612609,0.08532688,0.349054276943
17,3,3,-0.325063060711 0.130194207375 -0.936687501212 -0.0220806233809 -0.612657062757 -0.783514987133 0.103709152886 -0.00672730059186 -0.720406364502 0.607580227875 0.334456180509 0.801791851621 0.0 0.0 0.0 1.0,246 176 134 90,,0.93468225,0.11707914,0.616314351559
18,-1,-1,0.912166795768 -0.31096150277 0.266935723524 3.11551018564 -0.409366946023 -0.72195794274 0.557848933331 -1.33799379638 0.0192468231722 -0.618125935963 -0.785843424028 1.42831241689 0.0 0.0 0.0 1.0,,images/rgb_000018.png,,,
18,0,0,0.999633 -0.0190627 0.0192393 0.0418849 -0.00311418 -0.786549 -0.617521 0.0379663 0.0269043 0.617234 -0.786319 0.849153 0 0 3.95253e-323 1,,,1.0,1.0,1.0
18,2,2,0.0100118064181 -0.997575180136 0.0688732437827 0.132023950275 0.611163446527 -0.0484099548367 -0.790022605944 -0.0098409042656 0.791441094057 0.0500023624403 0.609196814165 0.851030457485 0.0 0.0 0.0 1.0,340 158 130 128,,0.94657123,0.08029558,0.829906046391
18,3,3,-0.452283050674 -0.138833652707 0.881002417107 -0.0123279306417 -0.558745225749 0.814040164571 -0.158563498852 -0.00432109956006 -0.695157402878 -0.563971477419 -0.445749209626 0.793991207388 0.0 0.0 0.0 1.0,243 177 142 91,,0.9429519,0.11186063,0.741028904915
19,-1,-1,0.912166795768 -0.31096150277 0.266935723524 3.11551018564 -0.409366946023 -0.72195794274 0.557848933331 -1.33799379638 0.0192468231722 -0.618125935963 -0.785843424028 1.42831241689 0.0 0.0 0.0 1.0,,images/rgb_000019.png,,,
19,0,0,0.999633 -0.0190627 0.0192393 0.0418849 -0.00311418 -0.786549 -0.617521 0.0379663 0.0269043 0.617234 -0.786319 0.849153 0 0 3.95253e-323 1,,,1.0,1.0,1.0
19,2,2,0.000480538482175 -0.997854761454 0.0654648312176 0.133957709243 0.617809030292 -0.051180599468 -0.784660785517 -0.00983761235202 0.78632803026 0.0408218235957 0.616459088299 0.850920579588 0.0 0.0 0.0 1.0,340 154 130 132,,0.9519014,0.07873437,0.805813729763
19,3,3,-0.459187978641 -0.141032466186 0.877072541899 -0.0112094486318 -0.544097005672 0.825105178441 -0.152183747255 -0.00437581570851 -0.702214247 -0.547093491088 -0.455613721609 0.793764505066 0.0 0.0 0.0 1.0,242 176 143 91,,0.9208165,0.11489438,0.739900350571
20,-1,-1,0.912166795768 -0.31096150277 0.266935723524 3.11551018564 -0.409366946023 -0.72195794274 0.557848933331 -1.33799379638 0.0192468231722 -0.618125935963 -0.785843424028 1.42831241689 0.0 0.0 0.0 1.0,,images/rgb_000020.png,,,
20,0,0,0.999633 -0.0190627 0.0192393 0.0418849 -0.00311418 -0.786549 -0.617521 0.0379663 0.0269043 0.617234 -0.786319 0.849153 0 0 3.95253e-323 1,,,1.0,1.0,1.0
20,3,3,-0.449343006988 -0.136140338769 0.882925064901 -0.0110548014067 -0.554166633229 0.817666475056 -0.155951525114 -0.00476675981678 -0.700706932095 -0.559363337849 -0.442857145798 0.794487767054 0.0 0.0 0.0 1.0,246 175 132 91,,0.96449274,0.120319,0.706377387047
20,2,2,-0.00190080313506 -0.997851530462 0.0654882439997 0.135137321185 0.61573625257 -0.0527695335126 -0.786183339688 -0.00994058811898 0.787950032818 0.038829106191 0.614513666483 0.851061108555 0.0 0.0 0.0 1.0,340 155 129 131,,0.92154473,0.069057226,0.799679398537
21,-1,-1,0.912166795768 -0.31096150277 0.266935723524 3.11551018564 -0.409366946023 -0.72195794274 0.557848933331 -1.33799379638 0.0192468231722 -0.618125935963 -0.785843424028 1.42831241689 0.0 0.0 0.0 1.0,,images/rgb_000021.png,,,
21,0,0,0.999633 -0.0190627 0.0192393 0.0418849 -0.00311418 -0.786549 -0.617521 0.0379663 0.0269043 0.617234 -0.786319 0.849153 0 0 3.95253e-323 1,,,1.0,1.0,1.0
21,3,3,-0.451015809911 -0.154227755692 0.879089607824 -0.0123044342957 -0.562011970095 0.8142328466 -0.145490264237 -0.00445977562966 -0.693344996867 -0.559677291742 -0.453909731586 0.79463522217 0.0 0.0 0.0 1.0,240 175 132 89,,0.94298047,0.11286861,0.727646589279
21,2,2,0.00125978997105 -0.998007113478 0.0630889402089 0.130276521159 0.61220287476 -0.0491147755066 -0.789173858515 -0.0093365410745 0.790699723704 0.0396174238738 0.6109209496 0.850328528801 0.0 0.0 0.0 1.0,340 157 130 128,,0.9281076,0.09154184,0.805477321148
22,-1,-1,0.912166795768 -0.31096150277 0.266935723524 3.11551018564 -0.409366946023 -0.72195794274 0.557848933331 -1.33799379638 0.0192468231722 -0.618125935963 -0.785843424028 1.42831241689 0.0 0.0 0.0 1.0,,images/rgb_000022.png,,,
22,0,0,0.999633 -0.0190627 0.0192393 0.0418849 -0.00311418 -0.786549 -0.617521 0.0379663 0.0269043 0.617234 -0.786319 0.849153 0 0 3.95253e-323 1,,,1.0,1.0,1.0
22,3,3,-0.295169563313 0.92312406516 -0.246407973119 -0.0199235613699 -0.691875846693 -0.384374142739 -0.611199092896 -0.0310498043298 -0.658925444688 -0.00992364431444 0.752142792046 0.837314805663 0.0 0.0 0.0 1.0,245 176 135 90,,0.95601344,0.12123959,0.136615619063
22,2,2,0.000486859014057 0.983717615833 0.179720380782 0.135451976542 -0.589205196888 0.145493288353 -0.794776030718 -0.0122818922206 -0.807983291244 -0.105505238469 0.579682366238 0.848059881587 0.0 0.0 0.0 1.0,339 156 130 130,,0.9293564,0.10464892,0.666219353676
23,-1,-1,0.912166795768 -0.31096150277 0.266935723524 3.11551018564 -0.409366946023 -0.72195794274 0.557848933331 -1.33799379638 0.0192468231722 -0.618125935963 -0.785843424028 1.42831241689 0.0 0.0 0.0 1.0,,images/rgb_000023.png,,,
23,0,0,0.999633 -0.0190627 0.0192393 0.0418849 -0.00311418 -0.786549 -0.617521 0.0379663 0.0269043 0.617234 -0.786319 0.849153 0 0 3.95253e-323 1,,,1.0,1.0,1.0
23,3,3,-0.450744119902 -0.147882596192 0.88031839474 -0.0119842872482 -0.552776845555 0.820584239822 -0.145186997951 -0.0041778867651 -0.700904770559 -0.55206181094 -0.45161959602 0.793579484247 0.0 0.0 0.0 1.0,242 176 142 92,,0.95177966,0.11389006,0.770204424858
23,2,2,0.0111591993625 -0.99707002027 0.0756759337418 0.131632663864 0.604786003715 -0.0535390044477 -0.79458634818 -0.00803685691393 0.796309840439 0.0546346930152 0.602416540559 0.850072699757 0.0 0.0 0.0 1.0,339 159 131 125,,0.90686685,0.09594376,0.844131469727
24,-1,-1,0.912166795768 -0.31096150277 0.266935723524 3.11551018564 -0.409366946023 -0.72195794274 0.557848933331 -1.33799379638 0.0192468231722 -0.618125935963 -0.785843424028 1.42831241689 0.0 0.0 0.0 1.0,,images/rgb_000024.png,,,
24,0,0,0.999633 -0.0190627 0.0192393 0.0418849 -0.00311418 -0.786549 -0.617521 0.0379663 0.0269043 0.617234 -0.786319 0.849153 0 0 3.95253e-323 1,,,1.0,1.0,1.0
24,3,3,-0.452680775508 -0.152498587669 0.878535313032 -0.0118841356557 -0.551307594333 0.822241957617 -0.141343905299 -0.00476509972751 -0.700813849689 -0.548326858629 -0.456286756536 0.79425084148 0.0 0.0 0.0 1.0,245 176 135 90,,0.94861156,0.11513922,0.745371341705
24,2,2,0.974820621157 -0.219864571196 0.0372065437865 0.121116870319 0.180878186816 0.682056545356 -0.708577413182 0.0106414006334 0.130414102389 0.697465726233 0.704651490191 0.88517206462 0.0 0.0 0.0 1.0,341 152 128 133,,0.9475955,0.07524904,0.0979944989085
25,-1,-1,0.912166795768 -0.31096150277 0.266935723524 3.11551018564 -0.409366946023 -0.72195794274 0.557848933331 -1.33799379638 0.0192468231722 -0.618125935963 -0.785843424028 1.42831241689 0.0 0.0 0.0 1.0,,images/rgb_000025.png,,,
25,0,0,0.999633 -0.0190627 0.0192393 0.0418849 -0.00311418 -0.786549 -0.617521 0.0379663 0.0269043 0.617234 -0.786319 0.849153 0 0 3.95253e-323 1,,,1.0,1.0,1.0
25,3,3,-0.333733615062 0.109590603575 -0.936275479646 -0.024167686115 -0.595460702895 -0.794483696918 0.119256893464 -0.00785696199408 -0.730786169468 0.59731528939 0.330402814116 0.803570349718 0.0 0.0 0.0 1.0,246 176 133 92,,0.94369227,0.10913933,0.594012022018
25,2,2,-0.00746825726361 -0.999682159506 0.0240791424018 0.129826097238 0.623604772932 -0.0234798347302 -0.781387090076 -0.0118800150203 0.781704107901 0.00918026831871 0.62358191953 0.851845261266 0.0 0.0 0.0 1.0,340 153 130 132,,0.9199319,0.08392116,0.662377715111
26,-1,-1,0.912166795768 -0.31096150277 0.266935723524 3.11551018564 -0.409366946023 -0.72195794274 0.557848933331 -1.33799379638 0.0192468231722 -0.618125935963 -0.785843424028 1.42831241689 0.0 0.0 0.0 1.0,,images/rgb_000026.png,,,
26,0,0,0.999633 -0.0190627 0.0192393 0.0418849 -0.00311418 -0.786549 -0.617521 0.0379663 0.0269043 0.617234 -0.786319 0.849153 0 0 3.95253e-323 1,,,1.0,1.0,1.0
26,2,2,0.00520952716632 -0.998509997359 0.05431984905 0.135933068937 0.614244583051 -0.0396696324145 -0.788117955928 -0.00983626515733 0.789098506537 0.0374713949328 0.613122696972 0.851276622749 0.0 0.0 0.0 1.0,340 153 129 133,,0.9487653,0.064737655,0.812689781189
26,3,3,-0.307237540437 0.239263734949 -0.921063493406 -0.0278458393984 -0.606437741491 -0.795119567334 -0.00425903025737 -0.00726972854965 -0.73337463785 0.55725913073 0.389389139264 0.806239232602 0.0 0.0 0.0 1.0,246 176 134 90,,0.94447386,0.12022365,0.545041680336
27,-1,-1,0.912166795768 -0.31096150277 0.266935723524 3.11551018564 -0.409366946023 -0.72195794274 0.557848933331 -1.33799379638 0.0192468231722 -0.618125935963 -0.785843424028 1.42831241689 0.0 0.0 0.0 1.0,,images/rgb_000027.png,,,
27,0,0,0.999633 -0.0190627 0.0192393 0.0418849 -0.00311418 -0.786549 -0.617521 0.0379663 0.0269043 0.617234 -0.786319 0.849153 0 0 3.95253e-323 1,,,1.0,1.0,1.0
27,3,3,-0.310323943194 0.226826667233 -0.923173176231 -0.0301527875644 -0.600211271208 -0.799824331218 0.00524109791486 -0.00772724750239 -0.737187547504 0.555725383822 0.38434856261 0.806829438999 0.0 0.0 0.0 1.0,246 176 134 91,,0.972592,0.10823789,0.549463689327
27,2,2,-0.0164911770227 -0.997800159792 0.0642096737228 0.134822181094 0.618582526034 -0.0606349038738 -0.783376708179 -0.00971304742779 0.785546751993 0.0268001781972 0.618221684254 0.850158488042 0.0 0.0 0.0 1.0,340 154 129 132,,0.96254194,0.06913229,0.71480768919
28,-1,-1,0.912166795768 -0.31096150277 0.266935723524 3.11551018564 -0.409366946023 -0.72195794274 0.557848933331 -1.33799379638 0.0192468231722 -0.618125935963 -0.785843424028 1.42831241689 0.0 0.0 0.0 1.0,,images/rgb_000028.png,,,
28,0,0,0.999633 -0.0190627 0.0192393 0.0418849 -0.00311418 -0.786549 -0.617521 0.0379663 0.0269043 0.617234 -0.786319 0.849153 0 0 3.95253e-323 1,,,1.0,1.0,1.0
28,2,2,-0.00983262566456 0.978869658102 0.204248652188 0.135051890267 -0.579814856108 0.160834029163 -0.798715936801 -0.0105527058913 -0.814688929659 -0.126279877697 0.565981749158 0.846690198666 0.0 0.0 0.0 1.0,339 157 130 128,,0.9339622,0.101292215,0.668490767479
28,3,3,-0.327682200223 0.116248202154 -0.937609050273 -0.0236703439566 -0.584605106458 -0.804552018897 0.104560596744 -0.00746640947727 -0.742200272946 0.582393685048 0.331596668342 0.802505813261 0.0 0.0 0.0 1.0,246 177 135 90,,0.93347293,0.10832323,0.561723709106
29,-1,-1,0.912166795768 -0.31096150277 0.266935723524 3.11551018564 -0.409366946023 -0.72195794274 0.557848933331 -1.33799379638 0.0192468231722 -0.618125935963 -0.785843424028 1.42831241689 0.0 0.0 0.0 1.0,,images/rgb_000029.png,,,
29,0,0,0.999633 -0.0190627 0.0192393 0.0418849 -0.00311418 -0.786549 -0.617521 0.0379663 0.0269043 0.617234 -0.786319 0.849153 0 0 3.95253e-323 1,,,1.0,1.0,1.0
29,3,3,-0.334145639322 0.128183834911 -0.933764208026 -0.0247017813778 -0.598460284946 -0.79422483462 0.105129441239 -0.00805107154306 -0.728142828753 0.593949338362 0.342099699496 0.8036618948 0.0 0.0 0.0 1.0,242 177 141 92,,0.9517684,0.109135956,0.59299826622
29,2,2,0.0104295110287 0.97613060075 0.216933804602 0.137026949048 -0.595271316414 0.180376820659 -0.783017408761 -0.0115598916022 -0.80345708358 -0.12096798274 0.582943789741 0.846756951393 0.0 0.0 0.0 1.0,340 157 128 127,,0.8915518,0.0814834,0.601665735245
30,-1,-1,0.912166795768 -0.31096150277 0.266935723524 3.11551018565 -0.409366946023 -0.72195794274 0.557848933331 -1.33799379638 0.0192468231722 -0.618125935963 -0.785843424028 1.42831241689 0.0 0.0 0.0 1.0,,images/rgb_000030.png,,,
30,0,0,0.999633 -0.0190627 0.0192393 0.0418849 -0.00311418 -0.786549 -0.617521 0.0379663 0.0269043 0.617234 -0.786319 0.849153 0 0 3.95253e-323 1,,,1.0,1.0,1.0
30,2,2,-0.00532437144737 -0.99823399053 0.0591654563033 0.133521541723 0.617639426743 -0.0498144277399 -0.784882195824 -0.0105394005113 0.786443379781 0.0323639141612 0.616813900183 0.851070998919 0.0 0.0 0.0 1.0,339 155 131 132,,0.943002,0.09789092,0.745407879353
30,3,3,-0.455301704042 -0.139110066784 0.879402494661 -0.0124239471827 -0.544359761288 0.825091088905 -0.151318027017 -0.00439916600071 -0.704537301061 -0.547606687623 -0.451391301515 0.794348910036 0.0 0.0 0.0 1.0,242 176 143 92,,0.9425093,0.114498615,0.74148774147
31,-1,-1,0.912166795768 -0.31096150277 0.266935723524 3.11551018565 -0.409366946023 -0.72195794274 0.557848933331 -1.33799379638 0.0192468231722 -0.618125935963 -0.785843424028 1.42831241689 0.0 0.0 0.0 1.0,,images/rgb_000031.png,,,
31,0,0,0.999633 -0.0190627 0.0192393 0.0418849 -0.00311418 -0.786549 -0.617521 0.0379663 0.0269043 0.617234 -0.786319 0.849153 0 0 3.95253e-323 1,,,1.0,1.0,1.0
31,3,3,-0.301377211353 0.184273644704 -0.935529262153 -0.0232994081277 -0.611408602599 -0.790236143513 0.0413080882342 -0.00691074303361 -0.731677044293 0.584439955302 0.350825656847 0.80363530778 0.0 0.0 0.0 1.0,242 177 143 92,,0.9449522,0.12476373,0.468940734863
31,2,2,0.00474065295373 0.98345207432 0.181106443081 0.13372255066 -0.589856237671 0.148995810948 -0.793643413128 -0.0137919699768 -0.807494362265 -0.103064377143 0.580801677919 0.848810144876 0.0 0.0 0.0 1.0,340 154 130 131,,0.9433684,0.08493671,0.628440499306
32,-1,-1,0.912166795768 -0.31096150277 0.266935723524 3.11551018565 -0.409366946023 -0.72195794274 0.557848933331 -1.33799379638 0.0192468231722 -0.618125935963 -0.785843424028 1.42831241689 0.0 0.0 0.0 1.0,,images/rgb_000032.png,,,
32,0,0,0.999633 -0.0190627 0.0192393 0.0418849 -0.00311418 -0.786549 -0.617521 0.0379663 0.0269043 0.617234 -0.786319 0.849153 0 0 3.95253e-323 1,,,1.0,1.0,1.0
32,3,3,-0.451735487393 -0.154089888693 0.878744192375 -0.0118851936642 -0.556907776935 0.818203846241 -0.142815244232 -0.00478674648216 -0.696985492976 -0.55389418863 -0.455425570629 0.794477522714 0.0 0.0 0.0 1.0,242 176 143 92,,0.92459255,0.116753235,0.73489177227
32,2,2,-0.0223975735636 -0.999168606152 0.0340653075423 0.135686605589 0.635076312757 -0.0405353397254 -0.771385093976 -0.0127894643855 0.772124617969 0.00435691551873 0.635456207471 0.852010570891 0.0 0.0 0.0 1.0,332 153 137 133,,0.91028357,0.08362713,0.506834566593
33,-1,-1,0.912166795768 -0.31096150277 0.266935723524 3.11551018565 -0.409366946023 -0.72195794274 0.557848933331 -1.33799379638 0.0192468231722 -0.618125935963 -0.785843424028 1.42831241689 0.0 0.0 0.0 1.0,,images/rgb_000033.png,,,
33,0,0,0.999633 -0.0190627 0.0192393 0.0418849 -0.00311418 -0.786549 -0.617521 0.0379663 0.0269043 0.617234 -0.786319 0.849153 0 0 3.95253e-323 1,,,1.0,1.0,1.0
33,3,3,-0.285175482759 0.62144538979 -0.729712663685 -0.0384640277355 -0.668436500417 -0.674579970609 -0.313264278469 -0.0110409855451 -0.686926188861 0.39843128738 0.607770450329 0.822210488149 0.0 0.0 0.0 1.0,245 176 134 91,,0.95615906,0.11974354,0.198032706976
33,2,2,-0.0132449651465 0.983975157351 0.17781299338 0.136569785532 -0.58821355463 0.136136945211 -0.79716469208 -0.0114767124775 -0.808597171061 -0.115150431458 0.576984395878 0.847809245965 0.0 0.0 0.0 1.0,339 157 130 129,,0.88559836,0.09997629,0.685836315155
34,-1,-1,0.912166795768 -0.31096150277 0.266935723524 3.11551018565 -0.409366946023 -0.72195794274 0.557848933331 -1.33799379638 0.0192468231722 -0.618125935963 -0.785843424028 1.42831241689 0.0 0.0 0.0 1.0,,images/rgb_000034.png,,,
34,0,0,0.999633 -0.0190627 0.0192393 0.0418849 -0.00311418 -0.786549 -0.617521 0.0379663 0.0269043 0.617234 -0.786319 0.849153 0 0 3.95253e-323 1,,,1.0,1.0,1.0
34,3,3,-0.294825605378 0.489475485402 -0.820665346901 -0.0349830315351 -0.618767207067 -0.75225037655 -0.226376930006 -0.00880063358567 -0.728151773926 0.441059089206 0.524654051692 0.815186907456 0.0 0.0 0.0 1.0,246 176 134 90,,0.9653156,0.118296295,0.339050233364
34,2,2,-0.0130432725335 -0.998672944851 0.0498219054601 0.137114767037 0.627457874636 -0.0469696430022 -0.777232570209 -0.012547784301 0.778541256838 0.0211234906752 0.627237841288 0.852888809109 0.0 0.0 0.0 1.0,335 151 134 136,,0.94661665,0.06689678,0.65556538105
35,-1,-1,0.912166795768 -0.31096150277 0.266935723524 3.11551018565 -0.409366946023 -0.72195794274 0.557848933331 -1.33799379638 0.0192468231722 -0.618125935963 -0.785843424028 1.42831241689 0.0 0.0 0.0 1.0,,images/rgb_000035.png,,,
35,0,0,0.999633 -0.0190627 0.0192393 0.0418849 -0.00311418 -0.786549 -0.617521 0.0379663 0.0269043 0.617234 -0.786319 0.849153 0 0 3.95253e-323 1,,,1.0,1.0,1.0
35,2,2,-0.00251491537421 0.973657835198 0.22800020868 0.134883498934 -0.596324934602 0.181565655717 -0.781940205537 -0.012496543389 -0.80273921517 -0.137928722975 0.58015982264 0.848167244047 0.0 0.0 0.0 1.0,339 153 130 134,,0.95524096,0.09001647,0.610372126102
35,3,3,-0.458135209428 -0.139025919815 0.877943006978 -0.0126982674555 -0.543457520613 0.825396687 -0.152886338102 -0.00418002276077 -0.703396085553 -0.547167344337 -0.453697965744 0.794552238624 0.0 0.0 0.0 1.0,242 176 142 92,,0.9478422,0.11314379,0.737361907959
36,-1,-1,0.912166795768 -0.31096150277 0.266935723524 3.11551018565 -0.409366946023 -0.72195794274 0.557848933331 -1.33799379638 0.0192468231722 -0.618125935963 -0.785843424028 1.42831241689 0.0 0.0 0.0 1.0,,images/rgb_000036.png,,,
36,0,0,0.999633 -0.0190627 0.0192393 0.0418849 -0.00311418 -0.786549 -0.617521 0.0379663 0.0269043 0.617234 -0.786319 0.849153 0 0 3.95253e-323 1,,,1.0,1.0,1.0
36,3,3,-0.455340885202 -0.149191869363 0.877728012758 -0.0122681171454 -0.555954489504 0.817670621539 -0.149430118358 -0.00427302296669 -0.695398651037 -0.556018471625 -0.455262754185 0.793978978887 0.0 0.0 0.0 1.0,242 176 142 92,,0.9605836,0.119729914,0.761330127716
36,2,2,0.000859865388586 0.985112491441 0.171908812568 0.135781478223 -0.589890146239 0.139313230081 -0.795375030595 -0.0110821000611 -0.807483049978 -0.100723399126 0.581227942262 0.847046289432 0.0 0.0 0.0 1.0,340 156 130 129,,0.9583328,0.09195772,0.704149007797
37,-1,-1,0.912166795768 -0.31096150277 0.266935723524 3.11551018564 -0.409366946023 -0.72195794274 0.557848933331 -1.33799379638 0.0192468231722 -0.618125935963 -0.785843424028 1.42831241689 0.0 0.0 0.0 1.0,,images/rgb_000037.png,,,
37,0,0,0.999633 -0.0190627 0.0192393 0.0418849 -0.00311418 -0.786549 -0.617521 0.0379663 0.0269043 0.617234 -0.786319 0.849153 0 0 3.95253e-323 1,,,1.0,1.0,1.0
37,3,3,-0.454459689602 -0.138843942031 0.879879963568 -0.0115750961697 -0.551474237561 0.819568551786 -0.155510624172 -0.00446152047179 -0.699530239399 -0.555904442044 -0.449029726724 0.794150265536 0.0 0.0 0.0 1.0,242 176 142 92,,0.96423,0.11652944,0.734243035316
37,2,2,0.0412845468163 -0.990848316581 -0.12851147701 0.129423794691 -0.63208888489 -0.125512192102 0.764663541194 -0.00775392975184 -0.773795339733 0.0496618884336 -0.631485921494 0.842138150782 0.0 0.0 0.0 1.0,340 154 130 132,,0.9508168,0.06243338,0.481354981661
38,-1,-1,0.912166795768 -0.31096150277 0.266935723524 3.11551018565 -0.409366946023 -0.72195794274 0.557848933331 -1.33799379638 0.0192468231722 -0.618125935963 -0.785843424028 1.42831241689 0.0 0.0 0.0 1.0,,images/rgb_000038.png,,,
38,0,0,0.999633 -0.0190627 0.0192393 0.0418849 -0.00311418 -0.786549 -0.617521 0.0379663 0.0269043 0.617234 -0.786319 0.849153 0 0 3.95253e-323 1,,,1.0,1.0,1.0
38,3,3,-0.45896996157 -0.146342003579 0.876316490981 -0.0126876466383 -0.547970984507 0.823018992651 -0.149557807802 -0.00373770669362 -0.699338526406 -0.548838551601 -0.457932167204 0.793639030948 0.0 0.0 0.0 1.0,243 177 140 91,,0.93137646,0.1155819,0.78797763586
38,2,2,0.0161508700464 0.979505821726 0.200767264767 0.134642571485 -0.602631976966 0.169761165721 -0.779753709161 -0.0141790352342 -0.797855782541 -0.108395072852 0.593023320323 0.848322383542 0.0 0.0 0.0 1.0,335 153 134 134,,0.9277838,0.09239356,0.564792156219
39,-1,-1,0.912166795768 -0.31096150277 0.266935723524 3.11551018565 -0.409366946023 -0.72195794274 0.557848933331 -1.33799379638 0.0192468231722 -0.618125935963 -0.785843424028 1.42831241689 0.0 0.0 0.0 1.0,,images/rgb_000039.png,,,
39,0,0,0.999633 -0.0190627 0.0192393 0.0418849 -0.00311418 -0.786549 -0.617521 0.0379663 0.0269043 0.617234 -0.786319 0.849153 0 0 3.95253e-323 1,,,1.0,1.0,1.0
39,3,3,-0.306344080413 0.22383774357 -0.925229684429 -0.0258418303237 -0.608292679601 -0.793657149299 0.00939921863058 -0.00760144876898 -0.732211253901 0.565689838976 0.379291030397 0.804801691557 0.0 0.0 0.0 1.0,246 176 134 91,,0.95328015,0.1076895,0.548441290855
39,2,2,-0.0073588460039 0.976795033832 0.214049782218 0.134703944866 -0.59445841656 0.167851935533 -0.786412689826 -0.0141586488804 -0.804092680209 -0.133030784482 0.57942883257 0.84962451933 0.0 0.0 0.0 1.0,340 152 129 134,,0.9273689,0.09122945,0.618114233017
40,-1,-1,0.912166795768 -0.31096150277 0.266935723524 3.11551018565 -0.409366946023 -0.72195794274 0.557848933331 -1.33799379638 0.0192468231722 -0.618125935963 -0.785843424028 1.42831241689 0.0 0.0 0.0 1.0,,images/rgb_000040.png,,,
40,0,0,0.999633 -0.0190627 0.0192393 0.0418849 -0.00311418 -0.786549 -0.617521 0.0379663 0.0269043 0.617234 -0.786319 0.849153 0 0 3.95253e-323 1,,,1.0,1.0,1.0
40,3,3,-0.3883544068 0.917516471423 0.0856993546485 0.00353584001284 -0.679459039954 -0.222281707812 -0.699232618945 -0.0442239855118 -0.622508046329 -0.32977927018 0.709738941595 0.836909600155 0.0 0.0 0.0 1.0,240 175 139 92,,0.9555844,0.12467396,0.143585681915
40,2,2,0.0125049713563 0.977091316329 0.212452783569 0.136963669411 -0.606985505991 0.176262079354 -0.774919528015 -0.0128179847225 -0.794614511073 -0.119265413832 0.595284419295 0.84801325744 0.0 0.0 0.0 1.0,339 155 128 130,,0.94185257,0.08851459,0.571238696575
41,-1,-1,0.912166795768 -0.31096150277 0.266935723524 3.11551018565 -0.409366946023 -0.72195794274 0.557848933331 -1.33799379638 0.0192468231722 -0.618125935963 -0.785843424028 1.42831241689 0.0 0.0 0.0 1.0,,images/rgb_000041.png,,,
41,0,0,0.999633 -0.0190627 0.0192393 0.0418849 -0.00311418 -0.786549 -0.617521 0.0379663 0.0269043 0.617234 -0.786319 0.849153 0 0 3.95253e-323 1,,,1.0,1.0,1.0
41,2,2,0.00807029055795 0.983258602009 0.182036787453 0.13773695071 -0.599777723762 0.150421502043 -0.785900791323 -0.0132586553455 -0.80012596039 -0.102839162284 0.590950551409 0.848506395518 0.0 0.0 0.0 1.0,340 154 129 132,,0.9474689,0.08867725,0.609595716
41,3,3,-0.45617079866 -0.136576340781 0.879349251202 -0.0114753938902 -0.550585946315 0.819627700448 -0.15832102949 -0.00429779473802 -0.699116097776 -0.556378770082 -0.44908723655 0.794026758163 0.0 0.0 0.0 1.0,242 177 142 91,,0.9315977,0.114245184,0.734435677528
42,-1,-1,0.912166795768 -0.31096150277 0.266935723524 3.11551018565 -0.409366946023 -0.72195794274 0.557848933331 -1.33799379638 0.0192468231722 -0.618125935963 -0.785843424028 1.42831241689 0.0 0.0 0.0 1.0,,images/rgb_000042.png,,,
42,0,0,0.999633 -0.0190627 0.0192393 0.0418849 -0.00311418 -0.786549 -0.617521 0.0379663 0.0269043 0.617234 -0.786319 0.849153 0 0 3.95253e-323 1,,,1.0,1.0,1.0
42,3,3,-0.451045378105 -0.136676255095 0.881973734407 -0.0121359887748 -0.562299955832 0.810930646646 -0.161895787473 -0.00488215564939 -0.69309222082 -0.568956138576 -0.442619572337 0.794459686598 0.0 0.0 0.0 1.0,242 177 142 91,,0.943631,0.117236115,0.717592179775
42,2,2,-0.000880643495301 -0.999138007925 0.041502597341 0.1334852788 0.610604402478 -0.0334046582445 -0.791230934988 -0.00956862070111 0.791935280273 0.0246448762745 0.610107483917 0.850487834543 0.0 0.0 0.0 1.0,338 156 128 127,,0.8946512,0.062262133,0.76720392704
43,-1,-1,0.912166795768 -0.31096150277 0.266935723524 3.11551018565 -0.409366946023 -0.72195794274 0.557848933331 -1.33799379638 0.0192468231722 -0.618125935963 -0.785843424028 1.42831241689 0.0 0.0 0.0 1.0,,images/rgb_000043.png,,,
43,0,0,0.999633 -0.0190627 0.0192393 0.0418849 -0.00311418 -0.786549 -0.617521 0.0379663 0.0269043 0.617234 -0.786319 0.849153 0 0 3.95253e-323 1,,,1.0,1.0,1.0
43,3,3,-0.457525999944 -0.135503217651 0.878811036219 -0.0117495907979 -0.544921166809 0.823717025989 -0.156688171409 -0.0038994942029 -0.702659861767 -0.550571647565 -0.450710527456 0.794121402795 0.0 0.0 0.0 1.0,245 175 135 93,,0.96343255,0.12324293,0.752247095108
43,2,2,0.00300203535441 -0.997768672588 0.0666983042231 0.131632862446 0.610323819285 -0.0510071518231 -0.790508131568 -0.00884608155472 0.792146339635 0.0430806971322 0.608808861744 0.850519460153 0.0 0.0 0.0 1.0,339 157 131 128,,0.9568105,0.0963768,0.836436212063
